1	0.683633	0.416334	0.862871	0.19231	0.844349	0.421615	0.406872	0.695196	0.66627	0.273504
2	0.864427	0.989027	0.263803	0.703497	0.86867	0.689949	0.67566	0.896558	0.687829	0.868794
3	0.085423	0.282505	0.920997	0.762074	0.439678	0.50888	0.302548	0.627329	0.14999	0.912126
4	0.372592	0.833622	0.32846	0.235462	0.025932	0.172808	0.657077	0.432803	0.868004	0.323346
5	0.706307	0.732431	0.312373	0.970109	0.435927	0.181042	0.660057	0.111586	0.0776	0.347886
6	0.980379	0.163022	0.630391	0.901376	0.925096	0.070069	0.410256	0.227643	0.697397	0.560245
7	0.139769	0.069988	0.393867	0.468228	0.30545	0.419798	0.641036	0.962526	0.852601	0.509039
8	0.285872	0.558907	0.241469	0.598245	0.529015	0.677396	0.779286	0.189072	0.788981	0.856886
9	0.536957	0.76936	0.019908	0.167348	0.670735	0.945003	0.237416	0.080991	0.172646	0.934812
10	0.641235	0.312415	0.0048	0.035101	0.780642	0.31025	0.454899	0.421678	0.272776	0.307499
11	0.930716	0.558647	0.866406	0.172185	0.156891	0.39542	0.849581	0.936177	0.584491	0.638561
12	0.793063	0.121448	0.407921	0.81297	0.288796	0.078655	0.757973	0.526211	0.159646	0.930618
13	0.461023	0.80088	0.243032	0.465823	0.835981	0.023674	0.776072	0.29088	0.445351	0.048847
14	0.598378	0.376067	0.607494	0.464783	0.548252	0.764385	0.860203	0.397832	0.700562	0.444694
15	0.036393	0.493624	0.566142	0.444313	0.306594	0.854937	0.522968	0.064566	0.381148	0.682613
16	0.995183	0.84217	0.483493	0.238215	0.307992	0.319473	0.261888	0.084063	0.610352	0.707239
17	0.13291	0.20873	0.083305	0.740403	0.673513	0.631556	0.504788	0.533716	0.029388	0.205349
18	0.978409	0.06578	0.698973	0.544551	0.510093	0.005566	0.399487	0.03306	0.070131	0.780634
19	0.715673	0.065314	0.622804	0.199165	0.303528	0.930795	0.518638	0.565416	0.014858	0.12899
20	0.272654	0.147768	0.337719	0.355959	0.888171	0.011232	0.987515	0.392958	0.544947	0.016902
21	0.598306	0.523356	0.082681	0.297278	0.067906	0.592773	0.302843	0.467393	0.625833	0.372974
22	0.248027	0.341505	0.438287	0.870831	0.54067	0.741815	0.801625	0.059307	0.307231	0.816483
23	0.188296	0.579884	0.964251	0.526015	0.935843	0.852421	0.537246	0.923357	0.245378	0.082192
24	0.940258	0.843684	0.605548	0.022939	0.140961	0.673454	0.615712	0.443804	0.140846	0.241544
25	0.816778	0.388873	0.583049	0.255065	0.259703	0.123718	0.99688	0.061328	0.183024	0.30411
26	0.877811	0.371319	0.883994	0.842061	0.897333	0.819836	0.694481	0.434579	0.743192	0.939858
27	0.516771	0.68345	0.783542	0.122318	0.706388	0.924503	0.795771	0.322099	0.368307	0.936617
28	0.563643	0.185084	0.325489	0.146691	0.440148	0.585192	0.270408	0.437027	0.646519	0.453432
29	0.741137	0.52433	0.82475	0.62513	0.36639	0.722083	0.444965	0.06087	0.156662	0.188157
30	0.000728	0.673432	0.871606	0.784269	0.795749	0.577993	0.708771	0.59152	0.900092	0.077078
31	0.528136	0.463734	0.262161	0.853625	0.610424	0.702309	0.438817	0.880831	0.139336	0.085336
32	0.334263	0.880472	0.609665	0.159013	0.505602	0.976054	0.881095	0.950566	0.036924	0.037757
33	0.138722	0.037652	0.711188	0.010327	0.821921	0.506937	0.58832	0.530692	0.098456	0.488411
34	0.607769	0.626592	0.952144	0.86993	0.480217	0.562568	0.572238	0.919034	0.443399	0.711574
35	0.004369	0.777661	0.592046	0.614033	0.936673	0.097647	0.590087	0.817768	0.048212	0.627011
36	0.855524	0.186934	0.664663	0.566712	0.197261	0.486583	0.073648	0.78558	0.017274	0.172104
37	0.273991	0.625043	0.798696	0.226135	0.494972	0.278913	0.788702	0.06721	0.197946	0.232101
38	0.778783	0.202314	0.009761	0.370829	0.816347	0.946433	0.468475	0.406434	0.764201	0.516687
39	0.033444	0.619724	0.703621	0.698106	0.186435	0.900881	0.184689	0.260083	0.686461	0.201963
40	0.432186	0.960451	0.827005	0.230881	0.186585	0.321977	0.509793	0.975287	0.389186	0.707739
41	0.207387	0.167969	0.910053	0.217147	0.538797	0.726399	0.16358	0.007272	0.132833	0.92778
42	0.523959	0.166276	0.547504	0.227579	0.864382	0.733938	0.128459	0.049071	0.99402	0.814919
43	0.251033	0.426206	0.775369	0.078037	0.657087	0.961954	0.400014	0.16688	0.937241	0.789199
44	0.874618	0.144627	0.957168	0.78467	0.361774	0.495964	0.511069	0.525353	0.503236	0.643901
45	0.453133	0.027194	0.810176	0.000636	0.254772	0.674558	0.734574	0.383231	0.723628	0.728593
46	0.198149	0.974661	0.154799	0.973518	0.052698	0.811885	0.935472	0.452711	0.978764	0.872712
47	0.241909	0.853381	0.017339	0.199077	0.638051	0.379112	0.695041	0.149119	0.904465	0.198276
48	0.793019	0.357597	0.22547	0.603195	0.358233	0.480241	0.277752	0.092806	0.863472	0.00138
49	0.821399	0.061621	0.97604	0.976197	0.035138	0.028737	0.788081	0.97061	0.481448	0.766845
50	0.843322	0.723357	0.620225	0.86066	0.922433	0.258275	0.239771	0.617473	0.407393	0.144235
51	0.815749	0.200412	0.501832	0.041218	0.803606	0.860064	0.521459	0.081357	0.95287	0.38493
52	0.082737	0.774268	0.44655	0.058777	0.750465	0.481688	0.087513	0.538546	0.452297	0.568961
53	0.30539	0.295618	0.292317	0.925615	0.156278	0.214749	0.18389	0.396048	0.832221	0.591283
54	0.540283	0.647969	0.791694	0.042115	0.689187	0.595299	0.902178	0.210645	0.676656	0.855048
55	0.595574	0.759392	0.629316	0.042124	0.818168	0.37978	0.523811	0.905681	0.918326	0.976108
56	0.474641	0.223716	0.271726	0.766958	0.14933	0.428003	0.981706	0.33322	0.824051	0.813927
57	0.924502	0.364333	0.461896	0.716196	0.406447	0.151082	0.311494	0.308625	0.361726	0.988149
58	0.163673	0.9573	0.747541	0.792988	0.999423	0.565709	0.172768	0.523234	0.47139	0.091093
59	0.499342	0.946031	0.314808	0.771068	0.712988	0.464138	0.19907	0.694693	0.797357	0.023121
60	0.50862	0.721859	0.387454	0.970515	0.438054	0.793901	0.121596	0.749548	0.102525	0.483321
61	0.737697	0.266198	0.44062	0.485237	0.059185	0.440043	0.050946	0.231952	0.963277	0.522335
62	0.323045	0.462618	0.468366	0.637853	0.233685	0.181353	0.101991	0.432755	0.876046	0.899347
63	0.455875	0.384665	0.621206	0.843328	0.355179	0.05926	0.637228	0.476775	0.808807	0.739753
64	0.960095	0.546503	0.00595	0.400715	0.03174	0.065135	0.840758	0.082685	0.297087	0.804034
65	0.60502	0.620131	0.266651	0.073385	0.257984	0.500336	0.254738	0.359974	0.93309	0.130784
66	0.259321	0.388965	0.515448	0.880526	0.232293	0.870627	0.939785	0.869521	0.347401	0.748591
67	0.609273	0.307496	0.295094	0.615223	0.708211	0.326833	0.680358	0.548969	0.409518	0.977444
68	0.353002	0.014537	0.597575	0.619653	0.087922	0.855558	0.119988	0.34266	0.215531	0.053077
69	0.473443	0.474852	0.442042	0.988891	0.355377	0.674334	0.859517	0.295162	0.543854	0.206918
70	0.043753	0.153127	0.514414	0.338846	0.76835	0.222625	0.665679	0.448707	0.771593	0.075196
71	0.426151	0.124594	0.089733	0.023725	0.744247	0.177654	0.879282	0.864234	0.520313	0.094813
72	0.917311	0.993756	0.569664	0.359352	0.982646	0.925041	0.033685	0.842163	0.220203	0.577538
73	0.04908	0.263955	0.730665	0.563494	0.602801	0.499014	0.786119	0.26848	0.94772	0.557711
74	0.343675	0.37387	0.682305	0.433407	0.397595	0.426551	0.611061	0.276877	0.290784	0.131374
75	0.371689	0.208095	0.125129	0.941353	0.567446	0.107774	0.866394	0.601131	0.949937	0.086596
76	0.178668	0.999017	0.350551	0.909333	0.56251	0.953352	0.408346	0.348628	0.221831	0.356065
77	0.906339	0.565506	0.729935	0.588643	0.998913	0.127529	0.015194	0.609973	0.404405	0.305978
78	0.741347	0.776094	0.514072	0.866476	0.717446	0.081517	0.974249	0.58384	0.682647	0.924186
79	0.670436	0.861315	0.923202	0.020986	0.770647	0.485711	0.974338	0.178993	0.834339	0.196168
80	0.535057	0.740677	0.761674	0.264992	0.32932	0.760586	0.39252	0.344513	0.370559	0.796925
81	0.65049	0.111905	0.573018	0.164562	0.97838	0.290464	0.246078	0.952629	0.874303	0.928725
82	0.876814	0.544738	0.79004	0.800015	0.565724	0.560687	0.285726	0.540061	0.739679	0.120065
83	0.736229	0.274736	0.860742	0.497902	0.539727	0.190061	0.258488	0.932247	0.534574	0.629046
84	0.729171	0.185064	0.740951	0.302188	0.349625	0.719331	0.592652	0.595703	0.671959	0.466954
85	0.524428	0.548773	0.011692	0.314467	0.348788	0.577415	0.875154	0.634514	0.117476	0.614833
86	0.754578	0.853704	0.889569	0.615319	0.351606	0.429296	0.80538	0.610093	0.361542	0.339953
87	0.239139	0.090713	0.525016	0.980089	0.3929	0.874641	0.699419	0.985551	0.470343	0.371378
88	0.452505	0.99477	0.920151	0.464196	0.309237	0.268938	0.041611	0.184391	0.903451	0.159086
89	0.799223	0.658029	0.01279	0.688792	0.273347	0.364395	0.118087	0.078727	0.974488	0.479628
90	0.41868	0.213626	0.570341	0.943695	0.193715	0.96324	0.818336	0.893134	0.948791	0.288678
91	0.264512	0.401296	0.283448	0.184662	0.865492	0.592685	0.4536	0.907102	0.777075	0.357051
92	0.066188	0.576298	0.015079	0.078977	0.265089	0.288426	0.443372	0.383176	0.367152	0.417859
93	0.862803	0.785831	0.631485	0.433143	0.729526	0.825199	0.396383	0.547861	0.718333	0.345174
94	0.836539	0.982844	0.74647	0.119987	0.167506	0.611961	0.712671	0.621105	0.519063	0.489746
95	0.978155	0.58525	0.066044	0.993233	0.664227	0.331132	0.281659	0.107598	0.714307	0.64881
96	0.525457	0.57711	0.434641	0.156941	0.010253	0.164167	0.98214	0.406636	0.712028	0.700472
97	0.75181	0.548567	0.683316	0.49828	0.668553	0.850821	0.110241	0.381224	0.471926	0.629303
98	0.870969	0.45008	0.214553	0.937013	0.443313	0.87878	0.268144	0.724971	0.986377	0.982451
99	0.373781	0.511833	0.559561	0.808421	0.668774	0.569814	0.972588	0.650913	0.97645	0.684615
100	0.351385	0.72826	0.233181	0.034701	0.226539	0.901734	0.885522	0.336779	0.282957	0.357447
101	0.966082	0.153926	0.807527	0.180634	0.090938	0.250839	0.059413	0.359082	0.97581	0.04579
102	0.341533	0.34959	0.557623	0.901094	0.158011	0.226396	0.470908	0.130598	0.877309	0.447357
103	0.815213	0.228694	0.175616	0.048393	0.263395	0.402155	0.950126	0.148916	0.738933	0.233083
104	0.506363	0.705014	0.387008	0.313889	0.885648	0.477946	0.564728	0.945061	0.837027	0.540537
105	0.99085	0.17856	0.890126	0.548473	0.079653	0.048137	0.774869	0.55056	0.178734	0.652178
106	0.997917	0.993946	0.880871	0.173533	0.042339	0.144266	0.575687	0.992465	0.293181	0.31462
107	0.225547	0.799544	0.019634	0.612554	0.113432	0.905282	0.090499	0.678159	0.850342	0.927526
108	0.218696	0.841192	0.106085	0.108821	0.389664	0.185738	0.156958	0.164533	0.736297	0.335692
109	0.81671	0.734213	0.329637	0.697581	0.907746	0.371976	0.841846	0.483432	0.36444	0.135027
110	0.798052	0.589986	0.93457	0.817685	0.20254	0.048002	0.722966	0.293039	0.726161	0.573308
111	0.220565	0.944856	0.414499	0.326649	0.053677	0.804163	0.512386	0.210634	0.968695	0.248683
112	0.546325	0.785405	0.982896	0.875962	0.482985	0.890641	0.247937	0.32483	0.374073	0.612377
113	0.459856	0.172124	0.202363	0.394426	0.989809	0.404902	0.442427	0.712775	0.697941	0.168587
114	0.286082	0.918505	0.113443	0.700581	0.245154	0.167119	0.504743	0.75754	0.377753	0.473438
115	0.006222	0.924077	0.258842	0.989117	0.800039	0.741827	0.879758	0.047976	0.066656	0.25383
116	0.660352	0.526512	0.425954	0.862714	0.920937	0.415762	0.267616	0.363364	0.128537	0.965556
117	0.53195	0.414618	0.884061	0.645392	0.115198	0.129214	0.812511	0.619941	0.886754	0.190263
118	0.093379	0.892975	0.11434	0.352221	0.882092	0.914378	0.094047	0.76185	0.962353	0.160702
119	0.015679	0.622705	0.687214	0.441633	0.485418	0.60815	0.857394	0.753033	0.971513	0.985931
120	0.718589	0.503463	0.400548	0.60265	0.148855	0.515746	0.731864	0.961365	0.135687	0.618617
121	0.151627	0.229065	0.511591	0.265967	0.581285	0.393683	0.180344	0.675331	0.155532	0.142697
122	0.836033	0.171211	0.765401	0.523246	0.612843	0.250818	0.131396	0.470237	0.003851	0.102909
123	0.456167	0.72244	0.606371	0.856714	0.325089	0.755225	0.37246	0.056952	0.71659	0.508146
124	0.675569	0.868217	0.737211	0.18716	0.134183	0.318496	0.580842	0.314526	0.993826	0.736374
125	0.457223	0.829859	0.907584	0.222623	0.353105	0.520426	0.473441	0.4845	0.990663	0.477291
126	0.587409	0.446829	0.199731	0.193779	0.303543	0.52482	0.949004	0.676002	0.581772	0.665594
127	0.184148	0.25734	0.53381	0.921358	0.444499	0.667992	0.239854	0.025341	0.982518	0.233679
128	0.761714	0.43974	0.063538	0.669298	0.662363	0.416642	0.189724	0.135803	0.901142	0.180386
129	0.613094	0.488551	0.627214	0.812824	0.68233	0.930756	0.337644	0.631333	0.606758	0.919415
130	0.296927	0.790906	0.176754	0.830736	0.712264	0.621253	0.498728	0.952117	0.646593	0.481246
131	0.185796	0.408307	0.920986	0.249334	0.077604	0.583348	0.665975	0.267327	0.71915	0.567117
132	0.447712	0.332243	0.055667	0.074926	0.145067	0.737996	0.005682	0.48271	0.369329	0.61244
133	0.402124	0.666256	0.403345	0.578878	0.496991	0.115609	0.200131	0.995719	0.067725	0.846724
134	0.476964	0.25352	0.25503	0.397949	0.502853	0.332634	0.981296	0.168828	0.599961	0.700445
135	0.735945	0.047672	0.032688	0.791612	0.122598	0.177754	0.529608	0.128279	0.660463	0.898937
136	0.740718	0.062587	0.565192	0.144063	0.641464	0.062183	0.259671	0.841594	0.057901	0.327396
137	0.688317	0.534864	0.580916	0.943347	0.932813	0.083769	0.27598	0.914108	0.252597	0.87594
138	0.614553	0.988541	0.923612	0.647241	0.780153	0.04621	0.824994	0.309761	0.174488	0.485457
139	0.208697	0.915206	0.548043	0.773889	0.059269	0.189507	0.836071	0.318939	0.031101	0.893971
140	0.646335	0.719418	0.428835	0.22725	0.662764	0.361647	0.311018	0.938744	0.275755	0.563614
141	0.814684	0.890308	0.552155	0.738296	0.537548	0.332307	0.784505	0.362542	0.642067	0.958993
142	0.847999	0.850764	0.874199	0.396042	0.624652	0.933467	0.585548	0.460722	0.252406	0.616649
143	0.354693	0.89874	0.336066	0.783528	0.125989	0.998829	0.145174	0.437007	0.937573	0.420929
144	0.00062	0.752256	0.311237	0.552774	0.490552	0.848785	0.885081	0.275056	0.211327	0.527147
145	0.234049	0.059325	0.37791	0.108247	0.455366	0.002562	0.041714	0.040914	0.463283	0.294119
146	0.657562	0.817976	0.192859	0.993627	0.601503	0.318848	0.992456	0.746677	0.755854	0.930029
147	0.167605	0.756474	0.682285	0.478842	0.309248	0.172836	0.327626	0.194328	0.447892	0.538952
148	0.721475	0.68194	0.598277	0.099385	0.790186	0.053643	0.101946	0.831899	0.094556	0.565228
149	0.126018	0.752118	0.383204	0.318877	0.745745	0.984706	0.637724	0.738201	0.731382	0.393578
150	0.668229	0.898987	0.150052	0.350513	0.377828	0.459299	0.523349	0.705454	0.653626	0.97124
151	0.244405	0.375101	0.653179	0.842682	0.474485	0.443365	0.896324	0.57643	0.275264	0.99088
152	0.141658	0.401282	0.742998	0.524861	0.720158	0.488742	0.509566	0.357882	0.226943	0.240948
153	0.75146	0.895171	0.139934	0.901511	0.245684	0.517762	0.360809	0.769032	0.223215	0.014435
154	0.740272	0.46762	0.389536	0.39345	0.310301	0.86402	0.836815	0.206625	0.440449	0.112078
155	0.197504	0.582106	0.513359	0.940501	0.106967	0.233517	0.429243	0.616532	0.591398	0.656185
156	0.857479	0.342857	0.551356	0.997413	0.244368	0.79704	0.515175	0.605177	0.566071	0.738389
157	0.619612	0.306343	0.206009	0.009147	0.699792	0.51631	0.873166	0.536607	0.722934	0.313614
158	0.648685	0.920438	0.89572	0.162044	0.860939	0.002686	0.39556	0.290181	0.619218	0.986958
159	0.946366	0.476697	0.329815	0.497722	0.474109	0.574182	0.294761	0.989283	0.179358	0.860832
160	0.727672	0.798969	0.167174	0.93368	0.808115	0.866966	0.449989	0.681281	0.403572	0.172923
161	0.994895	0.052256	0.09336	0.890614	0.214299	0.954299	0.8933	0.609859	0.24448	0.512517
162	0.596817	0.190846	0.989214	0.926631	0.688567	0.463323	0.500812	0.983327	0.452605	0.68017
163	0.844158	0.180277	0.479139	0.011331	0.113957	0.287254	0.878297	0.563946	0.968534	0.281868
164	0.736868	0.963428	0.334124	0.830228	0.854042	0.548423	0.784527	0.747341	0.158282	0.029006
165	0.259858	0.755098	0.219851	0.249071	0.681728	0.908417	0.712393	0.18254	0.891744	0.164998
166	0.86271	0.735901	0.345275	0.341848	0.747232	0.459231	0.629101	0.625528	0.023176	0.597634
167	0.907396	0.760044	0.561061	0.24152	0.590272	0.415102	0.789942	0.374798	0.162443	0.948223
168	0.403803	0.4223	0.703321	0.623654	0.671371	0.385048	0.53207	0.383764	0.567588	0.423813
169	0.548762	0.430297	0.159714	0.894036	0.772144	0.906946	0.353266	0.401244	0.532473	0.376442
170	0.998878	0.439869	0.136486	0.559938	0.681388	0.726757	0.97504	0.47133	0.101554	0.137482
171	0.419553	0.505357	0.559782	0.122873	0.12901	0.231153	0.507921	0.66108	0.614916	0.075508
172	0.084893	0.163677	0.505804	0.244606	0.057712	0.277947	0.151551	0.410978	0.679191	0.684024
173	0.78742	0.678068	0.123892	0.923905	0.238006	0.80528	0.650661	0.213046	0.276609	0.752215
174	0.350527	0.696161	0.257571	0.910309	0.819034	0.386581	0.141461	0.326954	0.04766	0.756376
175	0.402461	0.132553	0.920053	0.908264	0.377158	0.977765	0.186211	0.528709	0.388742	0.865402
176	0.212733	0.176161	0.54347	0.336624	0.100066	0.781475	0.141904	0.750726	0.994521	0.418512
177	0.502941	0.345048	0.114673	0.760511	0.255356	0.933706	0.147092	0.396817	0.260659	0.194752
178	0.153193	0.66312	0.327304	0.073245	0.571384	0.704462	0.051009	0.757594	0.23317	0.439751
179	0.622996	0.445902	0.615912	0.166465	0.782526	0.715977	0.94794	0.92443	0.466703	0.94246
180	0.342942	0.969643	0.287507	0.457614	0.730154	0.542863	0.39132	0.877245	0.939679	0.651979
181	0.071997	0.092871	0.315098	0.3993	0.166115	0.886481	0.103762	0.217124	0.644075	0.336931
182	0.656875	0.26707	0.782833	0.272786	0.433535	0.565359	0.988763	0.381474	0.489788	0.455465
183	0.323933	0.83273	0.425107	0.61144	0.290343	0.155261	0.154302	0.681663	0.032505	0.093981
184	0.333642	0.104501	0.186851	0.64874	0.503801	0.352966	0.535221	0.607562	0.57009	0.179295
185	0.944493	0.226964	0.446365	0.727326	0.49975	0.8799	0.292684	0.488512	0.261373	0.782472
186	0.943977	0.585306	0.615201	0.369084	0.196746	0.905544	0.524344	0.351047	0.587207	0.556848
187	0.445027	0.920848	0.661349	0.631878	0.569588	0.165149	0.984844	0.104808	0.772711	0.554933
188	0.284103	0.717203	0.781896	0.730467	0.444528	0.281645	0.610367	0.737212	0.770157	0.871739
189	0.519684	0.714133	0.457045	0.134885	0.083216	0.65379	0.040429	0.60756	0.004837	0.627636
190	0.164408	0.449864	0.548483	0.825756	0.081742	0.11807	0.990905	0.066585	0.222878	0.763616
191	0.621517	0.50698	0.480818	0.403413	0.237447	0.925346	0.685058	0.847813	0.662558	0.455214
192	0.719552	0.182241	0.169347	0.176596	0.317126	0.252563	0.830386	0.357554	0.860122	0.835222
193	0.98519	0.024529	0.285086	0.533672	0.850285	0.366827	0.651742	0.84119	0.433411	0.87462
194	0.604805	0.054927	0.381599	0.085622	0.458339	0.619045	0.010968	0.143397	0.466857	0.673525
195	0.59861	0.186408	0.855766	0.767957	0.363004	0.172891	0.020519	0.193389	0.530445	0.880641
196	0.028611	0.515634	0.905169	0.313696	0.049306	0.755454	0.680522	0.701048	0.596643	0.113933
197	0.575667	0.201447	0.168859	0.957266	0.287069	0.627198	0.57631	0.298036	0.770594	0.043167
198	0.971561	0.369204	0.229574	0.827326	0.13716	0.592578	0.000217	0.157679	0.785966	0.530662
199	0.038319	0.814576	0.046296	0.943488	0.128271	0.095602	0.698941	0.808793	0.79665	0.295583
200	0.922725	0.372317	0.49703	0.091584	0.329582	0.784098	0.718782	0.905892	0.082134	0.489376
201	0.949058	0.053694	0.858579	0.178632	0.88102	0.995739	0.771209	0.881237	0.153417	0.557175
202	0.411898	0.191735	0.371751	0.458194	0.135223	0.500022	0.553796	0.834163	0.308814	0.350445
203	0.129746	0.231539	0.722762	0.626775	0.323122	0.052344	0.410872	0.041903	0.958235	0.493006
204	0.531278	0.907293	0.546699	0.389857	0.085924	0.427718	0.385595	0.857133	0.308954	0.539012
205	0.414308	0.720852	0.730747	0.786058	0.179046	0.865969	0.286079	0.732841	0.700132	0.594892
206	0.083286	0.829877	0.826431	0.806047	0.456651	0.149552	0.85839	0.867523	0.191455	0.816625
207	0.360529	0.722733	0.723918	0.907227	0.11259	0.809841	0.334945	0.498185	0.666974	0.643899
208	0.037196	0.081282	0.36475	0.767943	0.867339	0.543795	0.633911	0.153417	0.276636	0.334042
209	0.748309	0.359921	0.163919	0.574739	0.165968	0.62057	0.724291	0.024358	0.488093	0.915746
210	0.840982	0.848621	0.638479	0.564899	0.755847	0.751068	0.37474	0.090791	0.249252	0.041714
211	0.734689	0.286448	0.122995	0.099439	0.05439	0.990334	0.643234	0.6883	0.14375	0.919869
212	0.022342	0.892059	0.27979	0.18626	0.466798	0.445757	0.806829	0.191089	0.470114	0.294921
213	0.106834	0.311096	0.143541	0.745312	0.875995	0.899388	0.496379	0.250735	0.990179	0.745631
214	0.292448	0.724868	0.032078	0.415443	0.824306	0.086467	0.405776	0.46754	0.774767	0.549526
215	0.387409	0.797109	0.441585	0.667198	0.983368	0.908382	0.112954	0.790197	0.09947	0.583068
216	0.085118	0.206304	0.894163	0.228659	0.951616	0.770157	0.128046	0.447995	0.020891	0.118224
217	0.193625	0.313339	0.843091	0.225703	0.728781	0.667397	0.31217	0.134557	0.134937	0.086937
218	0.684082	0.522345	0.884045	0.125667	0.189542	0.867413	0.034048	0.302496	0.657609	0.133518
219	0.885563	0.742727	0.339822	0.779725	0.971385	0.291437	0.549882	0.09943	0.739431	0.570773
220	0.217654	0.933056	0.884111	0.060744	0.158759	0.612892	0.728141	0.470928	0.747449	0.863077
221	0.557864	0.431531	0.385421	0.441908	0.557197	0.574963	0.309321	0.591245	0.877458	0.966929
222	0.724762	0.76302	0.709656	0.064584	0.542745	0.68104	0.35602	0.092626	0.780469	0.095451
223	0.663399	0.998122	0.028507	0.54751	0.058866	0.187265	0.160401	0.787007	0.658192	0.90785
224	0.650083	0.216056	0.33938	0.035504	0.657963	0.896576	0.610466	0.967284	0.48782	0.487923
225	0.934213	0.212582	0.250942	0.643868	0.277165	0.793686	0.324907	0.633185	0.886312	0.105375
226	0.728635	0.54971	0.103497	0.757141	0.097219	0.162363	0.944406	0.25762	0.949369	0.602597
227	0.165469	0.599452	0.818652	0.504849	0.634955	0.476615	0.401424	0.24542	0.443898	0.889244
228	0.733343	0.37811	0.101826	0.984284	0.021977	0.37899	0.77797	0.346883	0.012174	0.664281
229	0.452258	0.740809	0.213991	0.555755	0.49795	0.311209	0.718117	0.442355	0.568829	0.667486
230	0.044952	0.734297	0.266937	0.863604	0.239146	0.901891	0.340218	0.640569	0.147311	0.784116
231	0.529813	0.880653	0.162225	0.631638	0.864936	0.184202	0.010628	0.642906	0.531085	0.022802
232	0.307187	0.983342	0.763611	0.521177	0.539097	0.26156	0.832386	0.257213	0.703915	0.401214
233	0.924698	0.748867	0.135511	0.191634	0.61247	0.374656	0.093525	0.952688	0.015225	0.240835
234	0.736803	0.545038	0.121487	0.899028	0.176675	0.986423	0.083229	0.187302	0.629329	0.614313
235	0.210104	0.936515	0.597655	0.973714	0.457691	0.136751	0.235274	0.290077	0.393964	0.939188
236	0.69129	0.318662	0.688055	0.826801	0.510296	0.300524	0.201457	0.60382	0.253211	0.216682
237	0.844655	0.990013	0.761719	0.966142	0.88904	0.938394	0.952565	0.972269	0.125696	0.581893
238	0.586581	0.335799	0.518407	0.184236	0.309512	0.976098	0.320987	0.544785	0.266174	0.714951
239	0.483973	0.957464	0.033612	0.172027	0.784265	0.543907	0.472551	0.985721	0.147727	0.725762
240	0.202403	0.992382	0.715774	0.964121	0.958523	0.604814	0.902515	0.911087	0.577083	0.02821
241	0.492979	0.163664	0.364009	0.011386	0.347899	0.67352	0.987483	0.668886	0.218305	0.253657
242	0.383836	0.702278	0.21112	0.417447	0.874305	0.995385	0.961354	0.346855	0.981105	0.109081
243	0.072617	0.183508	0.101462	0.78839	0.147628	0.059984	0.393204	0.050143	0.97107	0.970286
244	0.078352	0.464049	0.133949	0.44236	0.475434	0.481848	0.11588	0.462917	0.150733	0.334185
245	0.716573	0.534568	0.036462	0.927692	0.952015	0.910767	0.923076	0.913368	0.257622	0.904181
246	0.022448	0.330238	0.087688	0.123909	0.118628	0.235316	0.183893	0.511832	0.285459	0.154963
247	0.482117	0.36381	0.619012	0.616066	0.80617	0.094445	0.097913	0.92205	0.557361	0.248646
248	0.256234	0.273933	0.783213	0.292696	0.201625	0.735227	0.203462	0.124701	0.648595	0.461083
249	0.028882	0.671042	0.79132	0.11657	0.794951	0.909948	0.351886	0.978844	0.421779	0.637344
250	0.133806	0.903895	0.001154	0.752817	0.519961	0.807323	0.847262	0.617874	0.729372	0.404623
251	0.866519	0.985606	0.678555	0.649732	0.278301	0.88018	0.384959	0.481762	0.00488	0.033553
252	0.942844	0.033762	0.704595	0.734164	0.150331	0.499545	0.644111	0.502216	0.478389	0.065889
253	0.13956	0.612194	0.969784	0.140713	0.365011	0.489745	0.948036	0.212272	0.107618	0.677408
254	0.616894	0.974136	0.663013	0.295449	0.623868	0.941313	0.175629	0.008826	0.423074	0.180509
255	0.042378	0.365918	0.21427	0.746972	0.100081	0.364601	0.246517	0.744192	0.866817	0.724905
256	0.81008	0.006376	0.337099	0.779864	0.147089	0.70211	0.269608	0.095124	0.914382	0.377225
257	0.772531	0.531276	0.351361	0.435543	0.826724	0.975229	0.376855	0.002352	0.984054	0.799929
258	0.182861	0.026432	0.165846	0.39713	0.773404	0.265927	0.76173	0.01992	0.010118	0.628546
259	0.744825	0.820198	0.634922	0.081924	0.600061	0.78201	0.784033	0.869669	0.877134	0.698415
260	0.246894	0.649665	0.22969	0.598255	0.085207	0.056413	0.573483	0.462062	0.058765	0.557537
261	0.261991	0.241625	0.583968	0.427836	0.638755	0.357371	0.693762	0.400485	0.377291	0.70388
262	0.029031	0.122115	0.524077	0.663952	0.204039	0.124138	0.445962	0.988072	0.993807	0.323095
263	0.686486	0.2407	0.972759	0.916175	0.838954	0.057966	0.972588	0.412437	0.520028	0.031353
264	0.969973	0.782018	0.272978	0.55394	0.209854	0.911732	0.911311	0.903615	0.312217	0.288601
265	0.607495	0.341247	0.410716	0.131571	0.005198	0.614754	0.255709	0.45116	0.602826	0.249515
266	0.774254	0.289311	0.490214	0.747013	0.205486	0.329168	0.804979	0.178073	0.741604	0.325006
267	0.209426	0.711577	0.107024	0.482403	0.265517	0.316877	0.394135	0.176827	0.220492	0.706351
268	0.465428	0.827986	0.047597	0.876143	0.959556	0.052795	0.490897	0.215265	0.503954	0.093722
269	0.464779	0.278208	0.383033	0.954992	0.02522	0.588519	0.28416	0.830198	0.766591	0.025764
270	0.155204	0.976017	0.73734	0.262227	0.458419	0.002857	0.579103	0.852553	0.179684	0.799594
271	0.558903	0.645111	0.627579	0.6065	0.521253	0.587135	0.659294	0.01215	0.802399	0.163247
272	0.105872	0.267178	0.441454	0.488905	0.22217	0.466674	0.077423	0.506329	0.296872	0.844014
273	0.532092	0.452076	0.82003	0.269432	0.714302	0.278448	0.272289	0.293405	0.131001	0.451972
274	0.092998	0.689904	0.097082	0.720577	0.296403	0.618335	0.307712	0.955696	0.630484	0.110111
275	0.118943	0.736356	0.377288	0.560397	0.22526	0.599458	0.02707	0.302682	0.105786	0.323942
276	0.146695	0.637878	0.776017	0.966724	0.90731	0.490319	0.245172	0.179598	0.783723	0.376172
277	0.631569	0.876721	0.066075	0.728651	0.597298	0.362477	0.346985	0.90501	0.318173	0.977469
278	0.015121	0.437115	0.713824	0.392409	0.997511	0.939083	0.991866	0.024581	0.241764	0.097651
279	0.348522	0.388459	0.735529	0.124539	0.355182	0.642838	0.614857	0.600354	0.822436	0.39858
280	0.976525	0.454004	0.2753	0.0426	0.182654	0.872598	0.405076	0.529639	0.777607	0.723249
281	0.507107	0.792727	0.160363	0.22093	0.185135	0.157874	0.160012	0.177	0.182454	0.401776
282	0.274651	0.530976	0.790235	0.010179	0.655514	0.145417	0.653017	0.270371	0.74577	0.475452
283	0.66895	0.722294	0.929455	0.94425	0.764893	0.112109	0.816847	0.169969	0.641747	0.594453
284	0.893217	0.148853	0.38718	0.05358	0.369783	0.572314	0.211453	0.529795	0.749314	0.393907
285	0.93157	0.023964	0.924882	0.721805	0.034142	0.580396	0.867221	0.687158	0.850767	0.61299
286	0.162609	0.519717	0.335284	0.092064	0.463966	0.100176	0.204173	0.280813	0.270145	0.845919
287	0.875266	0.163362	0.994772	0.262445	0.216941	0.364554	0.834758	0.428393	0.894348	0.584071
288	0.8223	0.825918	0.608035	0.747181	0.547722	0.642176	0.327577	0.414943	0.329334	0.178344
289	0.027932	0.491943	0.69806	0.363216	0.584007	0.162026	0.463391	0.788179	0.442838	0.733536
290	0.634098	0.318103	0.896897	0.628869	0.580547	0.113837	0.993423	0.415305	0.54223	0.887771
291	0.999376	0.364529	0.713688	0.60741	0.11171	0.26141	0.249586	0.439287	0.676352	0.57892
292	0.61763	0.704284	0.070862	0.315689	0.067499	0.654868	0.477714	0.53089	0.443047	0.920551
293	0.264425	0.077144	0.238654	0.161322	0.706013	0.8192	0.275158	0.699436	0.234505	0.817388
294	0.587206	0.23388	0.181917	0.300894	0.84129	0.293626	0.562303	0.090876	0.732912	0.238655
295	0.669795	0.350541	0.942938	0.740657	0.66623	0.010437	0.395525	0.143943	0.541327	0.838571
296	0.064494	0.805752	0.915715	0.303147	0.967073	0.621728	0.122347	0.242231	0.321163	0.356851
297	0.059619	0.908369	0.590731	0.241535	0.209262	0.432021	0.53516	0.771564	0.522896	0.268072
298	0.010219	0.19269	0.618613	0.953157	0.933346	0.284842	0.963593	0.32887	0.428784	0.50492
299	0.167441	0.493277	0.310671	0.083155	0.796423	0.277743	0.704883	0.91877	0.519974	0.026045
300	0.27562	0.579592	0.934413	0.86635	0.821126	0.143675	0.298371	0.356286	0.915238	0.821266
301	0.624357	0.925456	0.013956	0.242969	0.878612	0.947302	0.527811	0.842205	0.276172	0.956594
302	0.347124	0.443612	0.449871	0.657794	0.526767	0.246294	0.935537	0.231649	0.165063	0.455511
303	0.257694	0.440682	0.035103	0.192107	0.307032	0.856228	0.335781	0.605403	0.212514	0.251019
304	0.426668	0.836871	0.176475	0.440624	0.07984	0.055087	0.387925	0.60765	0.897291	0.664096
305	0.564244	0.244415	0.107707	0.014114	0.902209	0.634474	0.260408	0.837746	0.866123	0.42547
306	0.293256	0.123816	0.866152	0.328358	0.315923	0.173184	0.184586	0.651704	0.778586	0.397099
307	0.902722	0.205254	0.23397	0.079196	0.645877	0.313809	0.134282	0.033801	0.921458	0.031573
308	0.697897	0.485702	0.275987	0.805604	0.499815	0.178195	0.440077	0.760223	0.015941	0.306199
309	0.185692	0.309196	0.430015	0.051844	0.637554	0.745938	0.225028	0.822139	0.397641	0.003613
310	0.219238	0.300362	0.208867	0.453207	0.379558	0.854743	0.767016	0.51384	0.888544	0.688474
311	0.545412	0.58644	0.174175	0.821399	0.392043	0.67399	0.999594	0.832119	0.434212	0.015534
312	0.138318	0.619903	0.324729	0.568333	0.671747	0.962283	0.31427	0.896774	0.784421	0.71191
313	0.900387	0.003659	0.012272	0.109253	0.456866	0.391829	0.963996	0.223881	0.905668	0.852539
314	0.912354	0.45108	0.438978	0.086528	0.272478	0.831021	0.760518	0.272071	0.66314	0.194729
315	0.287605	0.801457	0.814632	0.612333	0.36979	0.486378	0.574616	0.684059	0.383152	0.359036
316	0.395969	0.283538	0.362695	0.40824	0.392791	0.81956	0.800069	0.356786	0.043441	0.705737
317	0.209325	0.955794	0.156816	0.648303	0.042322	0.429294	0.479323	0.802839	0.701365	0.142463
318	0.997567	0.988969	0.94392	0.812199	0.601302	0.313709	0.298576	0.175917	0.997768	0.681728
319	0.534953	0.393736	0.965266	0.897647	0.801976	0.358056	0.717207	0.602044	0.714842	0.760647
320	0.30778	0.924167	0.716441	0.464596	0.572469	0.758762	0.89389	0.051792	0.561601	0.595254
321	0.194254	0.559168	0.584223	0.138174	0.371366	0.185524	0.451882	0.669942	0.361441	0.449649
322	0.351669	0.896393	0.843385	0.316934	0.79404	0.64536	0.67499	0.511246	0.247404	0.389832
323	0.271892	0.555184	0.313998	0.988333	0.019779	0.886467	0.747094	0.913669	0.938258	0.308695
324	0.508923	0.132512	0.867862	0.093145	0.270685	0.239228	0.278669	0.722567	0.909169	0.640109
325	0.172216	0.260838	0.536502	0.0156	0.577772	0.330541	0.660959	0.252762	0.841786	0.908363
326	0.642593	0.113678	0.463546	0.95659	0.102011	0.483325	0.843056	0.849104	0.396993	0.781314
327	0.157798	0.905915	0.913826	0.02566	0.999059	0.184511	0.264887	0.277728	0.907077	0.174056
328	0.917836	0.079292	0.434893	0.454337	0.094891	0.012665	0.784877	0.75585	0.265426	0.626663
329	0.664212	0.908018	0.740341	0.127757	0.864608	0.842351	0.611081	0.707664	0.691455	0.008074
330	0.488978	0.849253	0.913988	0.402803	0.874912	0.913047	0.587313	0.139799	0.190774	0.49439
331	0.313854	0.10861	0.573681	0.748747	0.562946	0.668572	0.761411	0.347823	0.424422	0.026836
332	0.974486	0.088633	0.934854	0.714827	0.21639	0.799461	0.557178	0.827471	0.507125	0.248632
333	0.835544	0.996102	0.097885	0.749532	0.398905	0.972797	0.662578	0.986217	0.112595	0.853352
334	0.480607	0.426449	0.961961	0.054287	0.175195	0.524907	0.722859	0.936605	0.87273	0.14728
335	0.963441	0.847215	0.235913	0.898295	0.562042	0.452302	0.697756	0.119219	0.279772	0.20488
336	0.367851	0.115316	0.200981	0.465735	0.864847	0.599885	0.438531	0.527424	0.586102	0.551125
337	0.380776	0.066708	0.977573	0.342737	0.120995	0.152768	0.867643	0.843854	0.089373	0.740372
338	0.991133	0.052813	0.587587	0.227045	0.951108	0.149629	0.679346	0.648863	0.268847	0.959118
339	0.853742	0.636697	0.074433	0.054723	0.102432	0.93928	0.654607	0.540962	0.466704	0.240709
340	0.092087	0.847479	0.307417	0.069659	0.190215	0.428412	0.222427	0.057858	0.272265	0.311799
341	0.798229	0.263398	0.364612	0.385816	0.490442	0.315719	0.535444	0.169788	0.964581	0.804291
342	0.128906	0.818322	0.440988	0.203339	0.873045	0.543419	0.142618	0.527652	0.08438	0.609321
343	0.76836	0.176466	0.4568	0.075777	0.246125	0.647014	0.504188	0.468551	0.704871	0.776453
344	0.78035	0.5031	0.03985	0.144961	0.888916	0.530292	0.460679	0.424359	0.700079	0.42526
345	0.22865	0.828985	0.243581	0.669637	0.032323	0.116625	0.213055	0.17494	0.644276	0.297435
346	0.784261	0.412636	0.473901	0.24106	0.488413	0.720025	0.888073	0.992601	0.188576	0.592944
347	0.769053	0.968926	0.096043	0.808903	0.113886	0.984959	0.339194	0.574564	0.409318	0.039273
348	0.999823	0.637967	0.868257	0.243404	0.307603	0.900579	0.360029	0.520658	0.075519	0.004305
349	0.818092	0.859779	0.416941	0.291992	0.100839	0.905353	0.012017	0.988912	0.897953	0.200593
350	0.581855	0.667005	0.169518	0.677898	0.475908	0.283403	0.662856	0.815101	0.857967	0.072173
351	0.854374	0.85779	0.71014	0.72263	0.101194	0.017743	0.623209	0.461223	0.5384	0.698728
352	0.465527	0.356492	0.558507	0.882468	0.648483	0.659345	0.78782	0.6605	0.648256	0.685772
353	0.861092	0.230111	0.352777	0.03061	0.908008	0.828685	0.314012	0.570864	0.643785	0.171979
354	0.643037	0.498159	0.029769	0.353176	0.220789	0.130962	0.370918	0.843997	0.592184	0.909318
355	0.542725	0.057711	0.265809	0.101231	0.940178	0.914292	0.760575	0.727998	0.574791	0.408831
356	0.413769	0.435883	0.638942	0.766546	0.466492	0.546949	0.59523	0.780503	0.117813	0.239015
357	0.952482	0.760849	0.737173	0.98225	0.114025	0.957961	0.113212	0.484943	0.801958	0.705396
358	0.39426	0.344682	0.763106	0.660068	0.445913	0.703284	0.574359	0.206488	0.431281	0.149149
359	0.615318	0.84505	0.585031	0.254259	0.611596	0.051523	0.801208	0.206826	0.832025	0.919021
360	0.44584	0.784507	0.67987	0.183013	0.766756	0.793894	0.140974	0.879967	0.278837	0.942932
361	0.585362	0.673096	0.287614	0.348468	0.333163	0.733526	0.051752	0.907522	0.940013	0.483032
362	0.056671	0.555331	0.328082	0.641702	0.80959	0.939677	0.693224	0.610798	0.146503	0.525249
363	0.529818	0.592342	0.309755	0.209687	0.775355	0.076511	0.003581	0.916329	0.956477	0.282417
364	0.85926	0.541839	0.955513	0.146873	0.890307	0.288676	0.880399	0.942058	0.196197	0.820411
365	0.425089	0.252868	0.375741	0.753171	0.894569	0.185331	0.692848	0.587792	0.796128	0.83935
366	0.113041	0.325945	0.431692	0.422795	0.535632	0.207046	0.499306	0.539213	0.123374	0.455782
367	0.82163	0.982634	0.997621	0.777142	0.129506	0.887927	0.065817	0.009904	0.829984	0.262014
368	0.830315	0.255073	0.514881	0.206056	0.008244	0.40945	0.391386	0.701091	0.997241	0.187513
369	0.54044	0.110282	0.513458	0.972132	0.533076	0.049089	0.179177	0.032381	0.588302	0.302551
370	0.488163	0.409931	0.285184	0.485784	0.187072	0.41469	0.373711	0.252889	0.424594	0.203694
371	0.514903	0.254909	0.458767	0.029783	0.460964	0.46701	0.439232	0.85235	0.168101	0.436473
372	0.039863	0.708541	0.546754	0.55332	0.680672	0.07983	0.602409	0.859849	0.112211	0.19071
373	0.162399	0.600374	0.600641	0.447583	0.086158	0.787713	0.862272	0.459868	0.040601	0.286866
374	0.663562	0.555503	0.541774	0.122328	0.585286	0.002737	0.589338	0.024518	0.855087	0.757439
375	0.46099	0.894949	0.465979	0.007744	0.448269	0.146651	0.087574	0.050678	0.006499	0.199785
376	0.241388	0.168898	0.800158	0.842028	0.61648	0.886315	0.62974	0.478752	0.346183	0.670341
377	0.765617	0.009744	0.225843	0.307391	0.132072	0.811129	0.310127	0.721409	0.835646	0.165214
378	0.478848	0.296636	0.060162	0.944827	0.30438	0.508431	0.091477	0.391953	0.559108	0.097976
379	0.591738	0.800495	0.266874	0.391895	0.642523	0.883354	0.27821	0.272262	0.362106	0.624392
380	0.942602	0.127722	0.634136	0.168445	0.435113	0.766207	0.979573	0.74524	0.487616	0.815219
381	0.910453	0.966463	0.111855	0.970614	0.911289	0.416234	0.479044	0.002766	0.808187	0.038152
382	0.100741	0.399924	0.838646	0.367615	0.791819	0.481168	0.250968	0.070029	0.75343	0.613073
383	0.694421	0.696032	0.740795	0.328556	0.864476	0.175907	0.094762	0.844049	0.921146	0.582377
384	0.659268	0.831598	0.548839	0.771122	0.802212	0.460128	0.187356	0.281256	0.462893	0.995542
385	0.319407	0.563634	0.395466	0.158052	0.931248	0.187284	0.63922	0.182216	0.257313	0.392649
386	0.795288	0.951733	0.08868	0.536083	0.280288	0.953156	0.711989	0.37505	0.797205	0.633135
387	0.957426	0.456472	0.464732	0.506265	0.227593	0.266944	0.966393	0.414948	0.548199	0.429285
388	0.41049	0.867605	0.992919	0.805955	0.025657	0.924167	0.993239	0.664876	0.106382	0.250551
389	0.057525	0.90167	0.202283	0.146205	0.437752	0.482571	0.09936	0.14974	0.857621	0.896564
390	0.782875	0.815047	0.353035	0.247606	0.321312	0.580628	0.51455	0.287704	0.995576	0.062748
391	0.716989	0.406065	0.930353	0.709907	0.212019	0.956009	0.634073	0.205258	0.620885	0.740455
392	0.455808	0.678409	0.642124	0.658091	0.824614	0.079875	0.140662	0.923973	0.229615	0.998282
393	0.820537	0.012489	0.813328	0.173572	0.260095	0.134639	0.7542	0.774644	0.422342	0.749775
394	0.837392	0.13933	0.155839	0.767744	0.849237	0.367858	0.723752	0.48331	0.573115	0.344637
395	0.223764	0.028923	0.023046	0.865887	0.687013	0.847659	0.945761	0.827675	0.771632	0.175375
396	0.825956	0.592169	0.187864	0.639284	0.76574	0.447958	0.773922	0.519939	0.222602	0.196264
397	0.269714	0.059993	0.335594	0.425552	0.827736	0.184831	0.79341	0.551488	0.66814	0.366525
398	0.896124	0.891903	0.395447	0.91917	0.757789	0.08246	0.766828	0.70355	0.910134	0.538459
399	0.878925	0.73609	0.130627	0.066788	0.375373	0.896367	0.514746	0.149295	0.416306	0.737347
400	0.345559	0.686019	0.797339	0.681153	0.111571	0.625075	0.865983	0.90498	0.176562	0.534122
401	0.271505	0.072686	0.426025	0.666951	0.991855	0.183813	0.749411	0.758683	0.887363	0.659544
402	0.297142	0.766287	0.395633	0.427769	0.833075	0.771006	0.324135	0.34782	0.9203	0.74044
403	0.085166	0.265858	0.426459	0.882505	0.94701	0.538029	0.507579	0.812992	0.443009	0.684141
404	0.347114	0.714513	0.756827	0.773138	0.381464	0.748682	0.956951	0.130874	0.507364	0.844314
405	0.790418	0.804505	0.6106	0.186051	0.232273	0.443674	0.957056	0.556408	0.791494	0.877356
406	0.296847	0.87666	0.143213	0.723306	0.759164	0.090223	0.261334	0.266743	0.903215	0.704342
407	0.950884	0.250328	0.418854	0.707711	0.023466	0.800318	0.456392	0.980417	0.931191	0.963756
408	0.82473	0.721609	0.76826	0.43533	0.90766	0.000533	0.879003	0.864715	0.55694	0.670497
409	0.74207	0.853787	0.547156	0.885283	0.577092	0.306319	0.975505	0.838426	0.573062	0.878719
410	0.542767	0.523946	0.129047	0.961621	0.231656	0.152513	0.761938	0.688048	0.132929	0.693129
411	0.651803	0.957659	0.414737	0.420063	0.392988	0.322396	0.420595	0.271991	0.187111	0.977535
412	0.942487	0.929181	0.831322	0.489642	0.814463	0.408414	0.795961	0.789968	0.246839	0.369023
413	0.668687	0.789606	0.892968	0.797733	0.751226	0.124623	0.950246	0.513163	0.81267	0.083174
414	0.206291	0.464473	0.040833	0.621028	0.884535	0.43382	0.943424	0.30513	0.70581	0.130534
415	0.282664	0.648296	0.059714	0.113986	0.137938	0.874177	0.522399	0.933898	0.664144	0.769238
416	0.30292	0.332831	0.558843	0.195888	0.130564	0.310069	0.320511	0.080809	0.823231	0.133181
417	0.163983	0.029522	0.597653	0.204815	0.65055	0.482187	0.638634	0.593973	0.787316	0.344443
418	0.724507	0.06998	0.992739	0.784221	0.183966	0.130676	0.658397	0.706365	0.064574	0.322541
419	0.475602	0.367494	0.655371	0.034445	0.563381	0.785934	0.344513	0.883891	0.866743	0.167744
420	0.017071	0.030725	0.197265	0.614724	0.235539	0.847815	0.09691	0.874172	0.441787	0.884226
421	0.218615	0.166293	0.954206	0.211353	0.950513	0.138172	0.342028	0.60891	0.844536	0.406602
422	0.931451	0.320138	0.774095	0.586821	0.354583	0.337475	0.372755	0.699095	0.221366	0.239498
423	0.866839	0.238437	0.270222	0.064104	0.85316	0.50576	0.911918	0.95007	0.379932	0.353704
424	0.834295	0.598546	0.519997	0.788501	0.809898	0.470509	0.926672	0.151926	0.079419	0.771207
425	0.558527	0.010869	0.091345	0.332621	0.59769	0.445927	0.670096	0.970445	0.145022	0.891461
426	0.209942	0.01186	0.129897	0.480163	0.075963	0.983057	0.985923	0.98788	0.933126	0.365854
427	0.341584	0.76742	0.964399	0.86158	0.555921	0.774297	0.332089	0.482592	0.926222	0.411507
428	0.253799	0.484749	0.422375	0.345144	0.81737	0.020064	0.79107	0.487466	0.990509	0.936091
429	0.378927	0.20045	0.947951	0.508824	0.680612	0.023913	0.49188	0.666535	0.011793	0.425005
430	0.032388	0.353376	0.192425	0.996786	0.214955	0.748345	0.771083	0.547043	0.230937	0.697304
431	0.958549	0.484736	0.182053	0.380924	0.829879	0.999423	0.400988	0.620948	0.486888	0.391496
432	0.557039	0.865815	0.591945	0.504989	0.374638	0.272557	0.528902	0.866517	0.939091	0.540694
433	0.291521	0.971479	0.89407	0.483946	0.968264	0.109024	0.23229	0.739346	0.656067	0.463227
434	0.43665	0.614616	0.947962	0.618703	0.995539	0.77784	0.618126	0.396526	0.398788	0.105013
435	0.788022	0.955827	0.970828	0.379966	0.460816	0.345465	0.652523	0.989717	0.211981	0.591614
436	0.530411	0.503502	0.563092	0.42448	0.987448	0.531356	0.533504	0.219737	0.270702	0.18957
437	0.682964	0.707352	0.804185	0.630925	0.326055	0.799724	0.408764	0.94418	0.19625	0.807552
438	0.049193	0.984271	0.763378	0.02002	0.364237	0.224193	0.365484	0.016759	0.21391	0.577465
439	0.608373	0.74432	0.080967	0.171465	0.1688	0.068414	0.70282	0.702303	0.288151	0.973522
440	0.891873	0.971114	0.680874	0.696058	0.602038	0.006928	0.495782	0.010802	0.951108	0.692031
441	0.818353	0.0003	0.676301	0.581731	0.02032	0.040538	0.805923	0.385803	0.057296	0.019832
442	0.963268	0.665669	0.764152	0.044235	0.837133	0.932951	0.112648	0.539953	0.635254	0.400799
443	0.513475	0.527127	0.371912	0.194348	0.223184	0.97395	0.201275	0.718965	0.984751	0.152382
444	0.410996	0.803104	0.152682	0.087297	0.384834	0.173001	0.127834	0.190757	0.558804	0.18513
445	0.210588	0.522072	0.850798	0.97474	0.566306	0.687931	0.90769	0.678954	0.227883	0.542943
446	0.079752	0.741357	0.070069	0.451663	0.935705	0.293253	0.425613	0.136979	0.012218	0.410363
447	0.289361	0.423213	0.213467	0.442043	0.510509	0.598301	0.615044	0.638342	0.789057	0.173847
448	0.823471	0.999645	0.695919	0.674269	0.974385	0.262224	0.362199	0.882074	0.941177	0.590082
449	0.425017	0.020929	0.331438	0.495086	0.472591	0.267142	0.788338	0.898203	0.404121	0.800556
450	0.308566	0.693482	0.223768	0.522033	0.135525	0.734277	0.120333	0.750568	0.372619	0.90939
451	0.924415	0.19609	0.909035	0.620333	0.870358	0.883419	0.882556	0.232556	0.765493	0.823733
452	0.822637	0.190509	0.844661	0.154075	0.685595	0.317252	0.421217	0.473932	0.215455	0.825338
453	0.274488	0.524021	0.518819	0.498256	0.046053	0.654344	0.232532	0.166386	0.404911	0.605151
454	0.075776	0.329325	0.80124	0.984811	0.949657	0.671597	0.86823	0.832213	0.904153	0.633722
455	0.655946	0.72679	0.824231	0.500607	0.880864	0.509825	0.817859	0.302081	0.983757	0.033314
456	0.127418	0.258244	0.557334	0.646237	0.756499	0.603387	0.30058	0.98903	0.769773	0.705491
457	0.59418	0.845548	0.034815	0.39542	0.830358	0.984472	0.067016	0.698588	0.816685	0.971169
458	0.332309	0.472631	0.697958	0.156539	0.973237	0.578822	0.666364	0.791095	0.880902	0.65012
459	0.824408	0.008319	0.908363	0.381742	0.654556	0.664861	0.985128	0.955135	0.653891	0.7549
460	0.660625	0.248071	0.600448	0.69544	0.64349	0.430806	0.679912	0.710506	0.129393	0.496596
461	0.681675	0.461702	0.969227	0.379632	0.618241	0.942463	0.958453	0.284604	0.733558	0.839354
462	0.934723	0.557966	0.847673	0.843086	0.939708	0.502228	0.507946	0.924835	0.457363	0.161837
463	0.679735	0.117988	0.409908	0.280183	0.813427	0.053398	0.710989	0.493339	0.763904	0.840381
464	0.989935	0.445578	0.302083	0.959161	0.825209	0.920323	0.901624	0.783662	0.204926	0.635181
465	0.623016	0.139648	0.193147	0.470688	0.982733	0.132854	0.972916	0.490679	0.057689	0.430278
466	0.652516	0.737424	0.548265	0.062424	0.017607	0.361692	0.115821	0.728595	0.85503	0.879725
467	0.568976	0.844964	0.325302	0.871058	0.804124	0.150511	0.79138	0.705747	0.934172	0.996305
468	0.340928	0.557188	0.135953	0.534074	0.027876	0.118686	0.666928	0.000791	0.609365	0.724617
469	0.431069	0.26188	0.46204	0.979334	0.324304	0.479646	0.341025	0.440124	0.208241	0.196054
470	0.319848	0.777216	0.041018	0.64515	0.648273	0.845142	0.79566	0.439652	0.550888	0.729832
471	0.435957	0.891816	0.28702	0.57191	0.42589	0.314895	0.690595	0.092817	0.315685	0.29996
472	0.817434	0.746754	0.56184	0.279473	0.726087	0.886143	0.759119	0.067111	0.326267	0.967359
473	0.263165	0.646115	0.744575	0.304183	0.291264	0.392847	0.149324	0.086924	0.832499	0.700212
474	0.816756	0.268456	0.592027	0.103775	0.840365	0.017916	0.418669	0.53096	0.110733	0.734354
475	0.830919	0.928166	0.481107	0.392758	0.207639	0.207194	0.2789	0.966758	0.274304	0.605166
476	0.934117	0.537469	0.25128	0.678691	0.841652	0.542544	0.071538	0.990975	0.629467	0.904036
477	0.691187	0.446223	0.172491	0.283213	0.549997	0.012856	0.301129	0.968665	0.543815	0.411862
478	0.703019	0.374733	0.340028	0.184125	0.76749	0.547667	0.391319	0.04639	0.514425	0.665622
479	0.651556	0.448541	0.203091	0.902835	0.127232	0.044742	0.445379	0.19877	0.035717	0.074845
480	0.102805	0.726903	0.521067	0.275296	0.010116	0.071064	0.288152	0.311244	0.039729	0.831966
481	0.723106	0.742747	0.206699	0.063133	0.926872	0.974189	0.6108	0.31819	0.020578	0.125224
482	0.983812	0.672133	0.573764	0.186903	0.574968	0.700996	0.231645	0.020346	0.899765	0.267361
483	0.095191	0.00257	0.994264	0.616258	0.277866	0.004379	0.687321	0.566017	0.315623	0.727049
484	0.397983	0.038729	0.469795	0.604681	0.101861	0.396666	0.578869	0.712661	0.714856	0.599447
485	0.837884	0.698667	0.27158	0.411647	0.885569	0.846547	0.112643	0.117214	0.866892	0.012407
486	0.384575	0.962083	0.014977	0.378838	0.57834	0.292842	0.383217	0.26566	0.858858	0.69884
487	0.992708	0.256841	0.737568	0.462503	0.861521	0.839429	0.859169	0.44039	0.552089	0.574024
488	0.039836	0.389972	0.272691	0.311415	0.801619	0.15826	0.157962	0.914261	0.275473	0.024854
489	0.926668	0.660047	0.986936	0.941644	0.038884	0.565275	0.234485	0.422101	0.830934	0.093343
490	0.120941	0.823642	0.350184	0.858508	0.286144	0.211704	0.697937	0.145312	0.652094	0.250026
491	0.719335	0.69193	0.639998	0.992025	0.003344	0.441616	0.150285	0.161306	0.355877	0.425757
492	0.186159	0.282545	0.085803	0.173094	0.224188	0.124687	0.738369	0.458673	0.546788	0.569303
493	0.552016	0.667728	0.392944	0.902199	0.526236	0.679087	0.113903	0.224172	0.824399	0.765996
494	0.474198	0.543733	0.457925	0.114195	0.535758	0.461269	0.555811	0.686043	0.622574	0.911687
495	0.111799	0.808733	0.194231	0.197602	0.981827	0.418419	0.322288	0.720195	0.877091	0.869075
496	0.289497	0.429107	0.536803	0.68244	0.331305	0.063038	0.361527	0.445207	0.28721	0.185925
497	0.211203	0.761407	0.729658	0.669127	0.875601	0.265416	0.130396	0.431411	0.951458	0.75297
498	0.343098	0.063257	0.561702	0.537329	0.260858	0.543528	0.955747	0.583146	0.263723	0.832838
499	0.452221	0.553219	0.261945	0.989023	0.235659	0.593249	0.05206	0.597186	0.038456	0.339269
500	0.783111	0.249658	0.100676	0.512769	0.918785	0.976276	0.778185	0.04918	0.407687	0.729642
501	0.80215	0.750784	0.792899	0.363852	0.288112	0.053756	0.90738	0.243859	0.636901	0.171102
502	0.076697	0.089121	0.724321	0.338641	0.078143	0.95998	0.93189	0.130203	0.557165	0.970345
503	0.469472	0.340276	0.220003	0.570147	0.853044	0.138787	0.546422	0.631228	0.187967	0.954109
504	0.36087	0.990116	0.704892	0.153768	0.353967	0.993004	0.207523	0.261346	0.236863	0.844423
505	0.432448	0.31356	0.933544	0.156768	0.652201	0.011687	0.116747	0.58409	0.141889	0.673912
506	0.554435	0.61136	0.014187	0.774437	0.181507	0.867231	0.913224	0.727929	0.498458	0.101191
507	0.682037	0.859328	0.091306	0.386929	0.013095	0.445273	0.379932	0.220618	0.706619	0.616795
508	0.065041	0.139066	0.930354	0.998584	0.295834	0.582555	0.01027	0.412581	0.166644	0.152159
509	0.086493	0.721079	0.763519	0.100679	0.495516	0.945025	0.96791	0.408739	0.672954	0.466368
510	0.509929	0.35499	0.325695	0.601235	0.741918	0.338789	0.046508	0.12185	0.559407	0.753126
511	0.738645	0.624447	0.892192	0.668999	0.62303	0.188026	0.251553	0.6333	0.600606	0.418197
512	0.785458	0.687098	0.139275	0.548976	0.787777	0.63479	0.494001	0.755686	0.043529	0.166954
513	0.222054	0.553457	0.521943	0.547748	0.154692	0.263861	0.886537	0.201199	0.385711	0.445943
514	0.954324	0.124355	0.070389	0.846516	0.793354	0.693419	0.034541	0.044906	0.326718	0.635146
515	0.463102	0.112176	0.322244	0.602377	0.661152	0.11002	0.237167	0.155152	0.865706	0.280695
516	0.322106	0.087759	0.834152	0.844049	0.635507	0.988843	0.107909	0.522044	0.190041	0.49362
517	0.967986	0.144365	0.617975	0.038375	0.99088	0.411328	0.731793	0.02542	0.456234	0.058511
518	0.660566	0.919336	0.170686	0.982809	0.521712	0.831837	0.092829	0.758878	0.986989	0.958535
519	0.039573	0.309094	0.046294	0.873724	0.153142	0.6818	0.862566	0.261051	0.203843	0.052606
520	0.75467	0.171829	0.19697	0.372645	0.210203	0.187849	0.783972	0.941996	0.213269	0.240205
521	0.000507	0.873835	0.15954	0.171193	0.856643	0.681252	0.00303	0.949472	0.440129	0.990018
522	0.908006	0.479701	0.299112	0.954299	0.353425	0.452253	0.636099	0.21599	0.713304	0.839942
523	0.268595	0.467974	0.01177	0.465565	0.840618	0.221973	0.653414	0.624589	0.163969	0.866682
524	0.864794	0.164475	0.740517	0.024333	0.335667	0.597159	0.705585	0.338696	0.546631	0.145713
525	0.328714	0.454636	0.625414	0.627825	0.408935	0.978838	0.080078	0.045034	0.194828	0.793381
526	0.884975	0.463423	0.261355	0.896745	0.928987	0.101972	0.118717	0.582401	0.72656	0.282685
527	0.449083	0.591354	0.44716	0.189599	0.615687	0.782827	0.786757	0.321271	0.121522	0.333388
528	0.466983	0.450236	0.788023	0.092397	0.078061	0.196958	0.071235	0.158138	0.241991	0.266063
529	0.951519	0.126966	0.729485	0.212873	0.02371	0.658472	0.314844	0.142426	0.240872	0.041404
530	0.425111	0.689954	0.632757	0.87227	0.879552	0.248443	0.655097	0.666309	0.569713	0.776618
531	0.999696	0.036696	0.226854	0.787719	0.129093	0.304914	0.984676	0.200328	0.463051	0.226667
532	0.46639	0.41457	0.353632	0.195874	0.627442	0.377341	0.854346	0.942286	0.519767	0.095217
533	0.983689	0.944877	0.78517	0.616446	0.817147	0.664721	0.864889	0.472244	0.33103	0.434601
534	0.248861	0.330725	0.471297	0.475715	0.118443	0.60039	0.780628	0.103119	0.800717	0.243679
535	0.329786	0.267107	0.658248	0.683417	0.462981	0.28569	0.060758	0.317326	0.227975	0.580524
536	0.412542	0.211664	0.525401	0.197712	0.82811	0.342548	0.862432	0.692998	0.814791	0.193462
537	0.127599	0.063652	0.524186	0.598896	0.539366	0.642629	0.199285	0.319994	0.745747	2.0E-6
538	0.563672	0.075532	0.267108	0.22192	0.758949	0.730088	0.507609	0.819706	0.047413	0.735584
539	0.40023	0.459955	0.947248	0.925631	0.657666	0.775357	0.268178	0.520098	0.468354	0.082969
540	0.713559	0.595953	0.146621	0.237744	0.194848	0.685986	0.880373	0.394132	0.00598	0.626119
541	0.394133	0.569651	0.701651	0.66124	0.791571	0.4606	0.391328	0.299179	0.280305	0.43874
542	0.034763	0.680535	0.898695	0.98201	0.606165	0.55636	0.757366	0.874343	0.076457	0.22572
543	0.957311	0.790016	0.821672	0.103931	0.02776	0.016519	0.789917	0.908132	0.41065	0.795896
544	0.53425	0.804783	0.365547	0.235901	0.466022	0.157118	0.6965	0.857349	0.456297	0.976805
545	0.296089	0.491059	0.65734	0.194784	0.473068	0.263504	0.751144	0.230434	0.137846	0.827601
546	0.456153	0.095157	0.617616	0.277824	0.199088	0.645375	0.294342	0.989005	0.553506	0.704992
547	0.784901	0.087756	0.509774	0.150447	0.323656	0.975796	0.307565	0.020156	0.833145	0.763861
548	0.996961	0.129234	0.254919	0.6543	0.324017	0.727987	0.917804	0.07516	0.95842	0.055649
549	0.90276	0.414572	0.150806	0.520375	0.692396	0.349893	0.16575	0.986738	0.338898	0.719255
550	0.691729	0.123798	0.80701	0.201503	0.274244	0.130666	0.177298	0.581808	0.150822	0.010442
551	0.345669	0.147782	0.139675	0.600587	0.802081	0.463692	0.328573	0.719885	0.538851	0.286993
552	0.775533	0.441611	0.701565	0.926339	0.961986	0.39396	0.276232	0.127735	0.380698	0.615129
553	0.846989	0.072426	0.738926	0.653999	0.273929	0.01317	0.784664	0.451226	0.594978	0.935485
554	0.461668	0.940646	0.083267	0.601343	0.541232	0.885348	0.065034	0.869805	0.605232	0.603885
555	0.156798	0.380765	0.045495	0.858362	0.307103	0.007481	0.252322	0.583334	0.135215	0.633019
556	0.198463	0.982203	0.705445	0.937388	0.636202	0.979373	0.950557	0.420865	0.430599	0.545535
557	0.35635	0.892266	0.48618	0.439617	0.493608	0.027412	0.324964	0.558642	0.897216	0.930196
558	0.162526	0.054014	0.31096	0.208021	0.912375	0.618063	0.215501	0.164696	0.201397	0.350715
559	0.797715	0.399859	0.332918	0.503159	0.337247	0.969119	0.482532	0.287803	0.389984	0.91313
560	0.833337	0.746334	0.805395	0.319517	0.185951	0.299003	0.346928	0.510914	0.857644	0.244144
561	0.44111	0.020169	0.298157	0.752069	0.22819	0.210532	0.370132	0.44369	0.375228	0.571528
562	0.794405	0.172942	0.971386	0.127323	0.676101	0.308632	0.096442	0.158632	0.596435	0.486425
563	0.071761	0.429772	0.232759	0.877155	0.749289	0.418709	0.176157	0.096216	0.929623	0.0338
564	0.34036	0.370732	0.053969	0.638516	0.122801	0.282159	0.849048	0.492932	0.725848	0.224275
565	0.064459	0.520253	0.397216	0.035845	0.647575	0.073316	0.344477	0.744016	0.231947	0.940912
566	0.230441	0.303707	0.370684	0.4632	0.180862	0.119972	0.881909	0.357019	0.216187	0.811531
567	0.390819	0.556547	0.182263	0.444788	0.195063	0.305063	0.726946	0.04411	0.797995	0.452793
568	0.268384	0.862453	0.973046	0.665599	0.898298	0.620621	0.738915	0.242774	0.364637	0.970862
569	0.183685	0.595077	0.274569	0.554369	0.058277	0.45543	0.67434	0.940185	0.812449	0.890527
570	0.751716	0.203267	0.447073	0.933979	0.648054	0.642135	0.239041	0.374999	0.686244	0.037036
571	0.827792	0.954628	0.899488	0.800838	0.620226	0.797786	0.421458	0.359141	0.040559	0.786094
572	0.330002	0.224244	0.381171	0.604571	0.778612	0.439447	0.060001	0.452952	0.379632	0.872449
573	0.343478	0.131348	0.075716	0.79055	0.065326	0.723769	0.432685	0.304366	0.098768	0.118928
574	0.341401	0.92656	0.073555	0.240889	0.727397	0.693781	0.038674	0.148854	0.052922	0.079233
575	0.934947	0.382924	0.303477	0.316118	0.987494	0.082089	0.755564	0.047494	0.53504	0.135196
576	0.919943	0.878518	0.266543	0.995658	0.669068	0.331868	0.719427	0.101752	0.636234	0.818195
577	0.22068	0.977635	0.744754	0.294235	0.218524	0.472151	0.988016	0.257198	0.621004	0.040937
578	0.336431	0.555951	0.42386	0.639908	0.872069	0.411354	0.721996	0.627633	0.458848	0.257036
579	0.762828	0.37879	0.135554	0.029371	0.374448	0.804621	0.361238	0.093875	0.906372	0.997472
580	0.912069	0.127052	0.975107	0.656823	0.421286	0.19363	0.128974	0.409301	0.450827	0.749978
581	0.450237	0.787258	0.305928	0.874097	0.427165	0.177997	0.285451	0.149161	0.805629	0.744298
582	0.406197	0.568456	0.123088	0.54175	0.597826	0.497536	0.34637	0.959064	0.59141	0.252742
583	0.956536	0.503479	0.379793	0.931642	0.160302	0.801078	0.125271	0.289275	0.210379	0.576098
584	0.039252	0.660615	0.363355	0.34518	0.534712	0.79052	0.523176	0.820162	0.93968	0.328804
585	0.564459	0.345876	0.89726	0.687547	0.887625	0.495086	0.185082	0.233995	0.454149	0.776492
586	0.486736	0.410685	0.27997	0.866529	0.342326	0.440271	0.667607	0.467596	0.729546	0.877985
587	0.043694	0.768797	0.538599	0.407049	0.113976	0.073311	0.197568	0.637151	0.893472	0.137247
588	0.965955	0.457931	0.483122	0.863214	0.145478	0.370747	0.358299	0.330559	0.604741	0.812448
589	0.10705	0.091477	0.223132	0.38702	0.958005	0.565457	0.82729	0.625611	0.033053	0.556835
590	0.503595	0.076747	0.325632	0.042194	0.483795	0.439608	0.115504	0.681363	0.076758	0.008976
591	0.818609	0.042713	0.466907	0.301731	0.905927	0.612384	0.672477	0.264225	0.942942	0.277218
592	0.076673	0.049992	0.368694	0.299805	0.437011	0.326698	0.865262	0.264301	0.952308	0.898315
593	0.821136	0.455903	0.975061	0.146767	0.498096	0.458856	0.586374	0.6136	0.140218	0.663132
594	0.622575	0.958827	0.705844	0.089481	0.260558	0.61177	0.701864	0.933034	0.875995	0.644806
595	0.210251	0.952668	0.694797	0.578945	0.252473	0.131807	0.905642	0.117734	0.396107	0.85795
596	0.016048	0.217242	0.313852	0.991109	0.364009	0.811948	0.449965	0.950382	0.425547	0.590182
597	0.613514	0.048121	0.549009	0.319358	0.137602	0.809566	0.931128	0.839466	0.7426	0.807123
598	0.484271	0.952851	0.75979	0.179067	0.531795	0.012262	0.310874	0.437436	0.129996	0.706981
599	0.295386	0.146043	0.924223	0.609237	0.137152	0.288231	0.421185	0.587116	0.238613	0.846731
600	0.177298	0.852126	0.894852	0.726306	0.171483	0.032453	0.535871	0.10261	0.871919	0.278471
601	0.909732	0.356189	0.231321	0.669522	0.535256	0.763115	0.681784	0.846129	0.20055	0.811779
602	0.55311	0.495935	0.957821	0.477332	0.105172	0.094973	0.765563	0.526356	0.682088	0.004176
603	0.373087	0.859385	0.856302	0.267938	0.585691	0.027785	0.300391	0.121562	0.130395	0.172309
604	0.400032	0.040126	0.528497	0.631352	0.709648	0.063753	0.394466	0.391431	0.909881	0.595016
605	0.203209	0.462991	0.090951	0.16103	0.940323	0.196122	0.256002	0.705885	0.722478	0.93809
606	0.710061	0.095564	0.797475	0.566362	0.363501	0.383165	0.594146	0.663892	0.504726	0.72454
607	0.8362	0.904757	0.764666	0.364697	0.536108	0.474313	0.42845	0.930574	0.865744	0.338331
608	0.525589	0.068953	0.801321	0.616539	0.229983	0.741643	0.812661	0.485985	0.447528	0.535138
609	0.424074	0.157588	0.630702	0.221548	0.723949	0.994203	0.604713	0.318095	0.658094	0.109438
610	0.042634	0.494294	0.014194	0.8073	0.858991	0.550302	0.281613	0.28744	0.480875	0.147356
611	0.62577	0.006464	0.216309	0.427091	0.623003	0.446292	0.168733	0.435663	0.932276	0.61626
612	0.970801	0.35635	0.773848	0.601503	0.577898	0.497797	0.595705	0.18261	0.815891	0.253799
613	0.292047	0.858525	0.748093	0.306241	0.665824	0.607083	0.856543	0.947436	0.894523	0.337418
614	0.094792	0.520293	0.343881	0.311101	0.947383	0.966883	0.757392	0.116116	0.402546	0.689667
615	0.732376	0.373347	0.046017	0.506223	0.974849	0.623914	0.004019	0.570553	0.806523	0.81991
616	0.824351	0.09857	0.678434	0.572443	0.404811	0.344258	0.179526	0.261353	0.291693	0.074049
617	0.59877	0.386485	0.594341	0.942651	0.697585	0.541724	0.909533	0.454976	0.657839	0.312079
618	0.144643	0.390214	0.685425	0.190659	0.896437	0.660273	0.814572	0.900456	0.230825	0.621095
619	0.720365	0.055176	0.719665	0.398798	0.627619	0.124475	0.743055	0.807145	0.385828	0.034748
620	0.881193	0.984597	0.421232	0.475534	0.927247	0.118817	0.017258	0.83678	0.573792	0.675097
621	0.148858	0.718435	0.06531	0.834283	0.909093	0.961747	0.494555	0.723665	0.862202	0.72538
622	0.34476	0.582566	0.780556	0.064424	0.981364	0.408174	0.188899	0.724419	0.215319	0.574726
623	0.759167	0.096511	0.559323	0.180399	0.572045	0.486569	0.299215	0.589303	0.323349	0.873007
624	0.264399	0.472207	0.591441	0.329709	0.306489	0.500534	0.291455	0.801044	0.224198	0.153656
625	0.526423	0.568958	0.736222	0.306978	0.633382	0.717586	0.715152	0.82228	0.442004	0.93047
626	0.397006	0.201171	0.026981	0.956328	0.381569	0.599025	0.442897	0.680783	0.188328	0.766245
627	0.55379	0.452726	0.238451	0.14523	0.782434	0.54494	0.645764	0.073889	0.345983	0.869962
628	0.227544	0.872405	0.438919	0.963766	0.179383	0.0723	0.681351	0.894534	0.89458	0.123355
629	0.825003	0.291585	0.324525	0.851983	0.247912	0.706094	0.451008	0.690808	0.386876	0.639335
630	0.457052	0.940666	0.092061	0.695503	0.085895	0.874494	0.240442	0.731659	0.948382	0.586425
631	0.60162	0.175926	0.458829	0.040538	0.139692	0.638212	0.112838	0.821042	0.532745	0.007417
632	0.944397	0.357747	0.299001	0.268922	0.20973	0.546912	0.975015	0.660737	0.23772	0.361891
633	0.300072	0.694771	0.302556	0.392132	0.390274	0.388451	0.266626	0.630716	0.120109	0.215008
634	0.21714	0.721729	0.390933	0.675969	0.762266	0.530624	0.31418	0.875103	0.351666	0.846925
635	0.88252	0.296063	0.204672	0.18152	0.564985	0.414401	0.728432	0.539999	0.075138	0.966151
636	0.90189	0.37521	0.660922	0.204446	0.767341	0.051195	0.592896	0.033967	0.681911	0.713005
637	0.248974	0.89905	0.434733	0.639907	0.575019	0.196999	0.17053	0.889199	0.072102	0.522196
638	0.736123	0.954621	0.818259	0.940794	0.13614	0.383243	0.355195	0.864571	0.923241	0.430333
639	0.830722	0.825131	0.805542	0.491643	0.029576	0.572883	0.542838	0.622471	0.606849	0.224748
640	0.335476	0.855822	0.123798	0.770209	0.495728	0.698816	0.967207	0.666258	0.588015	0.039308
641	0.188454	0.324138	0.993928	0.006712	0.264932	0.130068	0.389954	0.620126	0.994639	0.313195
642	0.050458	0.82536	0.138325	0.856	0.317003	0.1679	0.428882	0.85984	0.790371	0.03573
643	0.084588	0.125847	0.891552	0.208385	0.896055	0.38728	0.907201	0.863262	0.053538	0.495215
644	0.90257	0.241992	0.819353	0.896497	0.248703	0.084284	0.026565	0.638657	0.704409	0.021204
645	0.951851	0.754867	0.846563	0.090176	0.610866	0.163566	0.258076	0.039747	0.023405	0.048447
646	0.075477	0.107993	0.174293	0.967029	0.316377	0.070348	0.354309	0.223577	0.93361	0.407847
647	0.718792	0.836179	0.649838	0.538144	0.732676	0.89854	0.622428	0.75924	0.537197	0.326836
648	0.780443	0.489048	0.081703	0.627006	0.579223	0.692568	0.790571	0.837299	0.732315	0.813976
649	0.885745	0.807792	0.921968	0.060038	0.774821	0.238345	0.130386	0.129129	0.461922	0.063995
650	0.536976	0.180714	0.900173	0.186813	0.718857	0.632848	0.085353	0.341285	0.392088	0.622549
651	0.66812	0.17253	0.111596	0.749823	0.799536	0.690819	0.442391	0.590107	0.528118	0.174705
652	0.404083	0.413862	0.982497	0.326051	0.4739	0.757317	0.564395	0.604285	0.886446	0.026316
653	0.668279	0.423421	0.20703	0.568451	0.610234	0.925887	0.201299	0.695586	0.267171	0.593386
654	0.318135	0.93529	0.765916	0.429731	0.685112	0.565452	0.120549	0.127502	0.155558	0.648666
655	0.302207	0.55964	0.062528	0.284704	0.88569	0.536427	0.04202	0.450085	0.140712	0.928466
656	0.476401	0.80899	0.351887	0.68343	0.377441	0.96212	0.609316	0.57874	0.657706	0.876486
657	0.172126	0.97584	0.811776	0.938041	0.40557	0.496888	0.503493	0.526119	0.62439	0.65905
658	0.174785	0.926596	0.21869	0.237312	0.211299	0.10438	0.773739	0.253319	0.554464	0.91445
659	0.181785	0.030864	0.72344	0.533671	0.714293	0.100881	0.495791	0.323609	0.67962	0.153496
660	0.200094	0.851745	0.129335	0.011869	0.789786	0.534904	0.508756	0.293278	0.061023	0.133145
661	0.952327	0.235807	0.059741	0.171017	0.473119	0.27104	0.275396	0.246858	0.524359	0.82986
662	0.161307	0.706143	0.860723	0.884747	0.239813	0.575016	0.985627	0.735603	0.898624	0.665246
663	0.889098	0.098718	0.51699	0.018433	0.110587	0.306775	0.553337	0.619342	0.600052	0.614359
664	0.752487	0.552379	0.850165	0.812227	0.723395	0.323284	0.083266	0.998791	0.570141	0.607624
665	0.82865	0.731448	0.313767	0.689373	0.616194	0.55358	0.264388	0.601821	0.289182	0.163012
666	0.267066	0.17828	0.26173	0.784056	0.196713	0.372316	0.090831	0.750049	0.991658	0.690883
667	0.364407	0.744144	0.243262	0.214572	0.55637	0.966657	0.537855	0.639636	0.965447	0.107995
668	0.24726	0.794096	0.839442	0.561026	0.483469	0.455636	0.114605	0.747856	0.057456	0.403787
669	0.910868	0.324522	0.582067	0.172598	0.108577	0.778779	0.544913	0.199408	0.528827	0.53657
670	0.89029	0.893234	0.280714	0.133551	0.107805	0.837083	0.100207	0.645659	0.476719	0.065654
671	0.753653	0.723979	0.859749	0.593095	0.285005	0.343217	0.048731	0.39961	0.091073	0.106186
672	0.803397	0.001941	0.430707	0.385463	0.174539	0.539284	0.164242	0.719451	0.738691	0.693069
673	0.256021	0.628981	0.586302	0.536734	0.762531	0.694106	0.373817	0.862738	0.339764	0.850536
674	0.928391	0.093417	0.574514	0.78814	0.686512	0.859518	0.131357	0.735242	0.259128	0.22243
675	0.841427	0.062524	0.224371	0.272134	0.447986	0.398909	0.811418	0.612227	0.11836	0.550108
676	0.305296	0.374381	0.179089	0.891597	0.911115	0.94162	0.585702	0.284931	0.804357	0.925466
677	0.135467	0.732748	0.018883	0.70998	0.520888	0.705395	0.569498	0.652245	0.440636	0.828625
678	0.874674	0.282063	0.891148	0.099045	0.554197	0.339134	0.497953	0.365614	0.951361	0.616313
679	0.915722	0.256656	0.990693	0.09481	0.148252	0.901807	0.03643	0.733954	0.186738	0.840787
680	0.65942	0.322204	0.573535	0.678303	0.032183	0.094422	0.383697	0.601681	0.746666	0.824333
681	0.430306	0.62134	0.106395	0.321453	0.720384	0.660592	0.660586	0.218336	0.026206	0.611947
682	0.834648	0.941927	0.868602	0.825341	0.036737	0.016854	0.727147	0.073167	0.750807	0.913884
683	0.913953	0.410227	0.236088	0.487487	0.088529	0.26827	0.581908	0.472225	0.869951	0.328574
684	0.296558	0.300256	0.949914	0.402953	0.621709	0.670297	0.063544	0.282295	0.888633	0.089749
685	0.894241	0.723281	0.031676	0.762842	0.548621	0.068413	0.779695	0.275768	0.141579	0.530502
686	0.189652	0.055531	0.940728	0.425739	0.543018	0.029257	0.694009	0.124926	0.501481	0.563959
687	0.453499	0.798039	0.864215	0.403412	0.200991	0.485923	0.073709	0.264534	0.768217	0.962341
688	0.354283	0.662457	0.685621	0.385958	0.425299	0.234242	0.454371	0.204994	0.510009	0.595949
689	0.735495	0.69966	0.65148	0.676223	0.125399	0.194497	0.705479	0.819407	0.319422	0.20696
690	0.383365	0.772921	0.004998	0.24758	0.176333	0.205988	0.733502	0.250041	0.470522	0.501719
691	0.212382	0.824805	0.164176	0.898003	0.210762	0.589474	0.132244	0.665133	0.794468	0.642253
692	0.261081	0.529963	0.341913	0.912561	0.206185	0.467311	0.107057	0.911664	0.286717	0.426479
693	0.118624	0.670082	0.1994	0.123622	0.917661	0.375732	0.32961	0.651163	0.625773	0.800131
694	0.152881	0.838155	0.624935	0.317056	0.736157	0.835697	0.90653	0.868401	0.500829	0.700997
695	0.510654	0.76191	0.230959	0.852567	0.67447	0.437144	0.319877	0.781526	0.348808	0.606594
696	0.208005	0.467431	0.276676	0.407404	0.591052	0.194337	0.783136	0.920661	0.845499	0.408909
697	0.720792	0.998379	0.247063	0.345726	0.315435	0.98322	0.181423	0.221964	0.85162	0.682251
698	0.92296	0.362274	0.44416	0.153919	0.21484	0.11863	0.591063	0.534717	0.900155	0.93987
699	0.14131	0.10816	0.4073	0.417986	0.515563	0.998352	0.612322	0.298698	0.919012	0.45782
700	0.707606	0.639803	0.456199	0.954669	0.985529	0.771633	0.937888	0.166951	0.993596	0.789508
701	0.849202	0.916556	0.151781	0.293362	0.070475	0.366621	0.411991	0.661537	0.901337	0.312145
702	0.601406	0.042647	0.420304	0.008706	0.460632	0.935867	0.007057	0.072954	0.234565	0.926069
703	0.530773	0.942171	0.565871	0.986972	0.896839	0.551399	0.758604	0.834727	0.71835	0.7522
704	0.624234	0.567551	0.668756	0.776015	0.860912	0.739231	0.142636	0.272902	0.400767	0.043972
705	0.585047	0.002173	0.086619	0.005351	0.010879	0.547251	0.941218	0.017936	0.620204	0.175782
706	0.944004	0.150977	0.117952	0.509874	0.137948	0.014791	0.061273	0.896552	0.849517	0.779622
707	0.648752	0.473751	0.347173	0.317507	0.249766	0.208084	0.056737	0.392401	0.480986	0.457504
708	0.436373	0.066032	0.459677	0.522991	0.071383	0.470555	0.070242	0.0126	0.48849	0.690446
709	0.188381	0.432493	0.841423	0.306333	0.942367	0.97937	0.321124	0.00364	0.875922	0.170641
710	0.783262	0.524673	0.644391	0.130434	0.84218	0.894156	0.338518	0.898916	0.286556	0.819504
711	0.35642	0.722928	0.885536	0.816096	0.245919	0.956918	0.286651	0.316161	0.969517	0.775141
712	0.006606	0.157898	0.207634	0.848028	0.464231	0.15	0.827398	0.785354	0.15364	0.703319
713	0.955995	0.936901	0.227992	0.600385	0.067335	0.070171	0.494541	0.405853	0.969087	0.781097
714	0.225356	0.325507	0.504025	0.110891	0.141602	0.749944	0.067808	0.428253	0.066104	0.037325
715	0.203393	0.072709	0.195223	0.411026	0.920737	0.659454	0.561026	0.748134	0.444808	0.714665
716	0.451453	0.400802	0.651565	0.679445	0.001187	0.7189	0.749615	0.495727	0.124752	0.718702
717	0.276824	0.350107	0.044208	0.780848	0.460997	0.18581	0.530791	0.528805	0.614062	0.596894
718	0.56613	0.817454	0.669603	0.761353	0.228479	0.590339	0.420806	0.789504	0.338472	0.865613
719	0.504169	0.789925	0.266414	0.155733	0.469369	0.2676	0.874633	0.218984	0.763327	0.999384
720	0.937685	0.04015	0.349491	0.981893	0.820997	0.810487	0.167702	0.351788	0.339292	0.781763
721	0.948681	0.905422	0.599217	0.618284	0.666774	0.827696	0.208622	0.087579	0.6172	0.547094
722	0.953192	0.121368	0.337018	0.219605	0.277101	0.806386	0.487205	0.151733	0.025369	0.250532
723	0.151116	0.963054	0.290681	0.500606	0.944946	0.111678	0.311093	0.112648	0.463465	0.650385
724	0.894411	0.412146	0.555806	0.493627	0.030429	0.222579	0.321322	0.239051	0.310158	0.938522
725	0.786144	0.263349	0.059889	0.123161	0.482954	0.336989	0.929547	0.970159	0.488721	0.954916
726	0.22069	0.639837	0.91797	0.511371	0.140443	0.862915	0.623048	0.451535	0.975562	0.086513
727	0.10192	0.869973	0.498658	0.657725	0.363599	0.529087	0.880304	0.684921	0.768137	0.190462
728	0.623442	0.554281	0.453811	0.68333	0.677441	0.936765	0.020319	0.606988	0.906923	0.50904
729	0.561903	0.127612	0.148876	0.479873	0.638983	0.289318	0.342787	0.26203	0.740853	0.318349
730	0.348542	0.842773	0.188321	0.8472	0.500498	0.55192	0.376286	0.380802	0.23684	0.144423
731	0.571263	0.860282	0.698703	0.025074	0.543612	0.376144	0.961838	0.56393	0.983132	0.86876
732	0.072969	0.545035	0.996372	0.221845	0.024907	0.635354	0.511163	0.367693	0.897384	0.252016
733	0.686042	0.245925	0.094788	0.874363	0.093125	0.595285	0.426282	0.469411	0.976086	0.663122
734	0.613833	0.547349	0.523404	0.312536	0.572422	0.067015	0.688679	0.53426	0.630945	0.671811
735	0.40302	0.703914	0.216845	0.399392	0.925758	0.241751	0.034745	0.436921	0.609444	0.932129
736	0.688936	0.295485	0.178054	0.783723	0.169848	0.271178	0.379008	0.596129	0.740588	0.355094
737	0.259251	0.354421	0.902442	0.782654	0.666956	0.474864	0.849669	0.355635	0.009123	0.480613
738	0.027445	0.412143	0.184527	0.244289	0.811534	0.110285	0.486039	0.846278	0.547205	0.095482
739	0.778407	0.23614	0.390967	0.95646	0.019863	0.560814	0.227637	0.398871	0.156943	0.968225
740	0.753964	0.416193	0.322645	0.656406	0.198847	0.9896	0.13127	0.048515	0.345235	0.140392
741	0.529128	0.372679	0.552534	0.713655	0.616968	0.364068	0.823939	0.103006	0.210345	0.371143
742	0.198488	0.988752	0.607283	0.589454	0.945211	0.627146	0.150268	0.172848	0.026017	0.30721
743	0.141072	0.77998	0.723402	0.463716	0.436386	0.922249	0.453316	0.567655	0.970764	0.79855
744	0.708047	0.499892	0.171229	0.260581	0.213546	0.788196	0.624648	0.037484	0.891201	0.834993
745	0.408627	0.089689	0.823744	0.015909	0.679143	0.768954	0.643055	0.82941	0.941802	0.669071
746	0.136619	0.082873	0.449051	0.860021	0.546589	0.885436	0.782269	0.999904	0.45309	0.753033
747	0.798454	0.161136	0.252924	0.969682	0.421716	0.466469	0.757877	0.046364	0.503952	0.649078
748	0.881356	0.912578	0.738766	0.705099	0.928487	0.417908	0.474053	0.571541	0.247317	0.415854
749	0.240612	0.383936	0.498726	0.689662	0.243956	0.045314	0.575097	0.026225	0.045218	0.028186
750	0.779257	0.843671	0.189322	0.03218	0.813353	0.611038	0.498648	0.571229	0.657401	0.0026
751	0.220307	0.538756	0.915177	0.959073	0.243855	0.843663	0.37698	0.717907	0.415204	0.624297
752	0.13376	0.655815	0.008233	0.632486	0.345476	0.252189	0.6778	0.920573	0.278413	0.723017
753	0.948759	0.05767	0.566688	0.13808	0.08985	0.38004	0.749117	0.588497	0.951269	0.406518
754	0.591096	0.171576	0.945273	0.506273	0.130648	0.189128	0.349936	0.507628	0.907034	0.76514
755	0.131925	0.040794	0.420954	0.140157	0.673279	0.76643	0.392345	0.351079	0.687002	0.670758
756	0.074096	0.63576	0.728428	0.640784	0.77384	0.818277	0.020823	0.522957	0.406773	0.972092
757	0.929474	0.997869	0.143667	0.874747	0.504142	0.274315	0.063874	0.854078	0.781942	0.970908
758	0.619217	0.913866	0.011701	0.040171	0.054023	0.68498	0.8066	0.446367	0.036058	0.493602
759	0.117125	0.110153	0.129362	0.845552	0.750936	0.903201	0.663828	0.771759	0.426158	0.070601
760	0.743851	0.355631	0.06847	0.887518	0.230378	0.572612	0.161832	0.294252	0.426689	0.943773
761	0.265159	0.045905	0.857639	0.276859	0.086075	0.911661	0.961838	0.892675	0.358028	0.997896
762	0.386276	0.475152	0.108048	0.515638	0.320704	0.858984	0.418839	0.984532	0.630743	0.844996
763	0.055133	0.374593	0.200627	0.123602	0.26211	0.431005	0.696214	0.423941	0.725256	0.122902
764	0.367714	0.990414	0.168806	0.225352	0.267273	0.254881	0.137012	0.22911	0.147555	0.49504
765	0.227005	0.533831	0.970192	0.335053	0.049469	0.290895	0.194036	0.468307	0.275427	0.824779
766	0.313303	0.330559	0.199371	0.513929	0.454161	0.461481	0.944933	0.150374	0.885422	0.670189
767	0.273275	0.253135	0.660602	0.442081	0.478487	0.927874	0.696962	0.615499	0.156984	0.844517
768	0.110538	0.383989	0.378348	0.080729	0.719041	0.427816	0.371624	0.913077	0.896122	0.64705
769	0.737855	0.209424	0.977608	0.937226	0.723353	0.431768	0.398706	0.668286	0.582142	0.284127
770	0.338474	0.855417	0.537262	0.999076	0.297498	0.015748	0.92695	0.994459	0.631247	0.083933
771	0.838976	0.741784	0.467921	0.217323	0.822512	0.186962	0.645138	0.194136	0.100038	0.54126
772	0.841185	0.837893	0.750684	0.818793	0.775118	0.474036	0.250561	0.173823	0.142322	0.832702
773	0.45795	0.480795	0.688118	0.995211	0.479871	0.985616	0.010959	0.40682	0.980074	0.642205
774	0.490752	0.819049	0.383988	0.958673	0.036372	0.2065	0.145634	0.681509	0.400635	0.245672
775	0.222769	0.24182	0.083564	0.973452	0.060612	0.858682	0.447488	0.311172	0.032504	0.589809
776	0.143873	0.490453	0.070604	0.831991	0.485664	0.550474	0.817606	0.496622	0.957293	0.79768
777	0.138826	0.448045	0.616729	0.522813	0.406717	0.6531	0.729313	0.552351	0.334609	0.129947
778	0.798022	0.557378	0.371766	0.881586	0.530829	0.432377	0.740267	0.978316	0.743549	0.772771
779	0.568125	0.887421	0.263224	0.638728	0.719412	0.748887	0.189201	0.537018	0.245508	0.146493
780	0.334698	0.384333	0.594537	0.951426	0.907146	0.001254	0.604526	0.636458	0.553604	0.939135
781	0.766405	0.351626	0.496512	0.138171	0.233212	0.027341	0.570548	0.973479	0.005657	0.314096
782	0.74625	0.573781	0.201517	0.009473	0.212508	0.920928	0.75836	0.401709	0.457946	0.003867
783	0.548202	0.792643	0.3882	0.142739	0.744069	0.295346	0.143992	0.348594	0.931804	0.697596
784	0.287729	0.698209	0.049222	0.784241	0.836379	0.282434	0.811581	0.406926	0.255912	0.817237
785	0.721022	0.002161	0.391018	0.922538	0.011634	0.603526	0.843466	0.769993	0.005234	0.301412
786	0.77386	0.553435	0.094054	0.16206	0.696173	0.838122	0.457405	0.840165	0.186716	0.389209
787	0.53776	0.474444	0.087417	0.586982	0.258685	0.923795	0.869415	0.070265	0.330721	0.125326
788	0.887502	0.051743	0.127487	0.27852	0.97428	0.13912	0.882045	0.817746	0.909112	0.887278
789	0.119157	0.682972	0.440713	0.213211	0.845031	0.136885	0.051332	0.302436	0.97705	0.238048
790	0.691644	0.51481	0.712492	0.77906	0.101791	0.971176	0.702855	0.971206	0.04144	0.033576
791	0.096531	0.928942	0.085318	0.224018	0.207461	0.059598	0.363138	0.089505	0.877343	0.27225
792	0.976783	0.9965	0.955221	0.417495	0.20971	0.800251	0.55438	0.261042	0.102687	0.531429
793	0.499089	0.79433	0.046238	0.211581	0.57339	0.148029	0.182756	0.276245	0.119234	0.224196
794	0.30982	0.215765	0.153137	0.395138	0.439782	0.360598	0.454735	0.802919	0.450103	0.332078
795	0.075168	0.426885	0.328577	0.030389	0.84438	0.538287	0.830639	0.398759	0.799328	0.933326
796	0.930188	0.298417	0.727655	0.976426	0.509997	0.301045	0.124455	0.692752	0.577289	0.243688
797	0.916948	0.887109	0.459453	0.070085	0.282246	0.899235	0.430682	0.73698	0.702154	0.880784
798	0.069058	0.777322	0.307669	0.397634	0.80771	0.152048	0.93592	0.638349	0.550807	0.735248
799	0.571674	0.480995	0.033665	0.299329	0.457421	0.543661	0.600373	0.581875	0.236413	0.177662
800	0.825563	0.15336	0.06477	0.285015	0.223444	0.347016	0.18425	0.654126	0.083996	0.886403
801	0.534909	0.153053	0.663724	0.842578	0.550687	0.471434	0.994626	0.486606	0.109782	0.545432
802	0.221854	0.681456	0.026427	0.255518	0.980784	0.483847	0.799179	0.581157	0.065721	0.035591
803	0.758818	0.891284	0.188951	0.823588	0.176298	0.412395	0.170603	0.360547	0.06652	0.254599
804	0.24695	0.601429	0.407651	0.910673	0.444006	0.958337	0.382107	0.438631	0.444943	0.491888
805	0.984063	0.666797	0.173344	0.010489	0.922314	0.154127	0.494335	0.721492	0.735283	0.560056
806	0.757083	0.4941	0.451339	0.946033	0.317687	0.627637	0.358427	0.48829	0.988184	0.424947
807	0.742888	0.235133	0.026375	0.150539	0.145806	0.470381	0.108876	0.527912	0.909011	0.553819
808	0.0198	0.893074	0.220615	0.193143	0.903562	0.142929	0.34727	0.397897	0.864421	0.082552
809	0.957952	0.621503	0.576652	0.409291	0.567536	0.894339	0.036927	0.925962	0.382629	0.025111
810	0.350909	0.125516	0.260243	0.377283	0.276055	0.406049	0.847663	0.384931	0.933961	0.756674
811	0.938749	0.95376	0.649747	0.159364	0.146903	0.553308	0.302292	0.494172	0.951204	0.166712
812	0.576724	0.909156	0.788214	0.153375	0.318446	0.35575	0.047713	0.355373	0.281711	0.430341
813	0.380483	0.632619	0.555857	0.640726	0.009902	0.831912	0.046775	0.857564	0.216842	0.980735
814	0.614238	0.155591	0.934494	0.263984	0.314954	0.081397	0.817291	0.617245	0.575568	0.768495
815	0.783956	0.152291	0.677651	0.57217	0.305666	0.996097	0.927919	0.353378	0.351469	0.20963
816	0.783719	0.731952	0.842249	0.339576	0.372678	0.852151	0.171488	0.419452	0.709715	0.388329
817	0.400186	0.323952	0.543919	0.33468	0.587935	0.858873	0.416076	0.405226	0.476117	0.991643
818	0.17372	0.260073	0.143934	0.851371	0.832243	0.449599	0.847467	0.760162	0.802977	0.198936
819	0.969792	0.586696	0.930887	0.81204	0.926272	0.303565	0.664191	0.097759	0.723016	0.373905
820	0.486088	0.123201	0.697856	0.030007	0.457881	0.28579	0.888879	0.873956	0.691016	0.364995
821	0.865599	0.864736	0.625068	0.009532	0.716106	0.45731	0.459131	0.563572	0.217471	0.262107
822	0.762507	0.187262	0.848803	0.693394	0.999302	0.775074	0.996958	0.663492	0.872833	0.719974
823	0.037396	0.35892	0.843175	0.735252	0.388926	0.301055	0.021042	0.277805	0.17501	0.712057
824	0.6428	0.040608	0.576792	0.267867	0.05014	0.292897	0.725177	0.509271	0.856469	0.942648
825	0.771378	0.618976	0.12991	0.62018	0.312369	0.129212	0.395254	0.309327	0.792703	0.268086
826	0.0293	0.830099	0.627005	0.872474	0.565351	0.015931	0.173529	0.586392	0.293735	0.348538
827	0.298448	0.936534	0.389146	0.875239	0.204401	0.439286	0.168136	0.929577	0.948556	0.024604
828	0.872224	0.719934	0.64358	0.002134	0.340113	0.955948	0.131345	0.735366	0.265275	0.924048
829	0.003452	0.294575	0.754146	0.630456	0.167049	0.319496	0.646387	0.340577	0.905888	0.940121
830	0.689115	0.204335	0.876655	0.078261	0.079574	0.081055	0.517546	0.247709	0.010631	0.466102
831	0.272313	0.882855	0.186035	0.915892	0.884988	0.526148	0.87184	0.016332	0.261514	0.137115
832	0.940379	0.264965	0.431689	0.694525	0.895421	0.598738	0.014021	0.541807	0.939314	0.919908
833	0.481927	0.628428	0.124243	0.358581	0.706688	0.203816	0.439635	0.224234	0.451525	0.450266
834	0.690336	0.723838	0.33312	0.876371	0.63973	0.218108	0.402518	0.511569	0.234439	0.664032
835	0.648684	0.174818	0.928996	0.080372	0.869342	0.824416	0.679109	0.883363	0.366223	0.618423
836	0.80327	0.848149	0.246851	0.927512	0.20673	0.953539	0.131328	0.646365	0.177772	0.582852
837	0.09663	0.868108	0.306689	0.42975	0.744478	0.946419	0.647858	0.146996	0.457987	0.882297
838	0.811027	0.106671	0.057114	0.740022	0.187043	0.926456	0.564438	0.866151	0.809818	0.930661
839	0.484574	0.613088	0.77881	0.731424	0.540599	0.985539	0.684962	0.671927	0.631904	0.862734
840	0.254778	0.728534	0.730842	0.561467	0.158284	0.475319	0.507885	0.806141	0.622314	0.965872
841	0.688437	0.43334	0.072542	0.74555	0.173362	0.259584	0.672006	0.7378	0.125735	0.481823
842	0.668461	0.610309	0.094911	0.44727	0.341732	0.63551	0.432808	0.026694	0.307436	0.064712
843	0.889428	0.562213	0.793245	0.62027	0.12368	0.951528	0.095588	0.631565	0.757668	0.717902
844	0.597436	0.446104	0.151242	0.669978	0.191654	0.324604	0.929562	0.863659	0.062404	0.055297
845	0.345482	0.730864	0.665605	0.440392	0.178133	0.007337	0.075901	0.610941	0.034031	0.383336
846	0.675652	0.923459	0.945549	0.468896	0.543728	0.069229	0.420424	0.639315	0.700793	0.178091
847	0.357217	0.298229	0.624195	0.508458	0.968206	0.815849	0.833061	0.897768	0.679508	0.895465
848	0.953064	0.024989	0.626328	0.618668	0.465381	0.804461	0.626005	0.541282	0.415401	0.660035
849	0.924617	0.091053	0.583493	0.870166	0.559949	0.127221	0.939395	0.980372	0.766535	0.640187
850	0.158463	0.123752	0.938416	0.782658	0.632209	0.906622	0.598506	0.46527	0.804389	0.278013
851	0.360734	0.757452	0.303002	0.987062	0.37612	0.768382	0.791522	0.002125	0.309663	0.206923
852	0.662159	0.23428	0.297975	0.245652	0.104446	0.857923	0.372872	0.04384	0.838294	0.139407
853	0.684027	0.996757	0.263158	0.622442	0.779414	0.895367	0.529063	0.377919	0.360637	0.333452
854	0.655932	0.72137	0.090904	0.958933	0.708432	0.467023	0.727315	0.499953	0.469147	0.036977
855	0.706875	0.131306	0.271257	0.00485	0.376958	0.375702	0.862772	0.74983	0.419542	0.701065
856	0.889237	0.103569	0.697822	0.152394	0.72601	0.477235	0.047761	0.255073	0.855154	0.408397
857	0.588525	0.511085	0.129767	0.679428	0.470018	0.838198	0.14645	0.197333	0.338151	0.615597
858	0.234309	0.045026	0.746903	0.505566	0.049875	0.123861	0.881267	0.912647	0.87369	0.300809
859	0.613712	0.762927	0.404377	0.311533	0.915321	0.130387	0.788767	0.963081	0.385459	0.64392
860	0.371478	0.973983	0.155005	0.501244	0.65341	0.625023	0.339442	0.79986	0.822355	0.677593
861	0.415457	0.056664	0.722619	0.16236	0.562229	0.772494	0.28622	0.443496	0.68514	0.15991
862	0.744304	0.298851	0.922836	0.14868	0.610383	0.838156	0.279066	0.399149	0.801237	0.664525
863	0.043069	0.172714	0.638508	0.198074	0.673957	0.291918	0.823097	0.013399	0.091778	0.645451
864	0.690992	0.507234	0.702115	0.41361	0.669594	0.264344	0.186103	0.955813	0.707839	0.871242
865	0.115723	0.452143	0.170092	0.038558	0.600823	0.780475	0.876714	0.879888	0.179623	0.67795
866	0.544413	0.222692	0.850663	0.182921	0.420765	0.52462	0.474838	0.243861	0.538019	0.566615
867	0.889312	0.22901	0.073849	0.591427	0.64262	0.743442	0.85577	0.828723	0.699255	0.563609
868	0.699964	0.814977	0.015751	0.870056	0.853535	0.616573	0.65053	0.730249	0.496461	0.830153
869	0.408198	0.040874	0.052845	0.258861	0.223794	0.473609	0.783481	0.698632	0.71747	0.321499
870	0.265247	0.606782	0.550509	0.339096	0.198209	0.193128	0.082538	0.053978	0.021851	0.781792
871	0.617587	0.721815	0.596769	0.633337	0.59187	0.450304	0.24991	0.2424	0.180552	0.746371
872	0.072553	0.58875	0.787245	0.125397	0.847611	0.011039	0.599006	0.631091	0.70967	0.316476
873	0.95259	0.974917	0.923257	0.503098	0.314012	0.121466	0.696226	0.396549	0.175444	0.718076
874	0.178341	0.79303	0.43989	0.775109	0.426367	0.03176	0.225413	0.676277	0.27416	0.405965
875	0.422647	0.346712	0.994714	0.209892	0.472109	0.842324	0.22093	0.071114	0.473415	0.930599
876	0.387589	0.426004	0.905515	0.310846	0.929102	0.219527	0.432311	0.625327	0.616075	0.607754
877	0.343403	0.794415	0.400784	0.783293	0.569524	0.82715	0.815052	0.794936	0.503426	0.089212
878	0.2009	0.926073	0.435923	0.195614	0.135964	0.908031	0.037938	0.356893	0.979145	0.511352
879	0.287492	0.366734	0.937355	0.193006	0.677579	0.866456	0.412532	0.10989	0.491783	0.028607
880	0.717644	0.835185	0.823021	0.118427	0.618478	0.392545	0.945576	0.43353	0.18748	0.449002
881	0.522741	0.38838	0.375074	0.958664	0.583993	0.511037	0.866694	0.621931	0.86793	0.845839
882	0.133282	0.155421	0.212572	0.070637	0.348427	0.890151	0.937092	0.760959	4.0E-5	0.428875
883	0.789565	0.717683	0.26406	0.612586	0.83611	0.882537	0.00513	0.781686	0.316066	0.19261
884	0.230687	0.838806	0.580989	0.60576	0.797469	0.164982	0.116797	0.664163	0.786912	0.984726
885	0.510001	0.920194	0.140147	0.722573	0.99083	0.488573	0.612723	0.927921	0.249532	0.612762
886	0.356796	0.039096	0.330445	0.620855	0.651682	0.166554	0.503391	0.656811	0.948239	0.819456
887	0.849421	0.178926	0.658262	0.43041	0.784685	0.45573	0.595391	0.901482	0.119893	0.382303
888	0.886208	0.629894	0.302496	0.026354	0.352466	0.293325	0.514927	0.965188	0.221246	0.764458
889	0.57795	0.578041	0.803554	0.908394	0.198896	0.455235	0.074948	0.702286	0.112046	0.023187
890	0.521742	0.961467	0.202112	0.180004	0.391876	0.986797	0.635734	0.987267	0.888279	0.755626
891	0.369569	0.774486	0.385519	0.672065	0.80084	0.737985	0.96539	0.315767	0.703172	0.186635
892	0.080224	0.281121	0.764676	0.883778	0.189515	0.963572	0.339013	0.264463	0.665858	0.451058
893	0.287649	0.187599	0.412525	0.489761	0.367602	0.8044	0.476557	0.003335	0.791666	0.364835
894	0.758961	0.161235	0.139321	0.144479	0.833299	0.940161	0.882463	0.798688	0.255927	0.585635
895	0.985323	0.336151	0.866756	0.749999	0.219928	0.05627	0.71357	0.558941	0.320733	0.379427
896	0.009999	0.608381	0.567026	0.422523	0.098141	0.934628	0.226922	0.574698	0.937963	0.018587
897	0.939533	0.696923	0.179821	0.078854	0.841402	0.01312	0.019014	0.723865	0.811807	0.27494
898	0.309499	0.79713	0.611091	0.176255	0.547128	0.831018	0.232525	0.260698	0.389959	0.553257
899	0.640125	0.399957	0.161637	0.20715	0.822479	0.259778	0.141777	0.0494	0.834476	0.079739
900	0.067987	0.774009	0.776662	0.247808	0.852862	0.618063	0.260927	0.871876	0.341927	0.072734
901	0.146816	0.651426	0.869863	0.757906	0.82768	0.416991	0.588924	0.060205	0.677688	0.978882
902	0.613461	0.317812	0.378838	0.775098	0.524962	0.201316	0.034876	0.666739	0.250716	0.869351
903	0.746478	0.318703	0.64336	0.523139	0.56651	0.496222	0.141201	0.827436	0.368097	0.483128
904	0.900169	0.514912	0.134554	0.770032	0.272818	0.962234	0.187022	0.861741	0.022438	0.86471
905	0.840622	0.635898	0.182521	0.21946	0.410996	0.707483	0.420776	0.445871	0.374221	0.671492
906	0.315222	0.120698	0.990194	0.958581	0.643836	0.556703	0.454803	0.785037	0.384139	0.822899
907	0.268165	0.284308	0.337811	0.402718	0.054339	0.610628	0.364952	0.241361	0.472369	0.387389
908	0.10607	0.312991	0.023287	0.288591	0.53245	0.434282	0.996073	0.953226	0.880152	0.370293
909	0.624717	0.195374	0.490991	0.61491	0.153954	0.134826	0.171613	0.608756	0.919863	0.555751
910	0.431655	0.188028	0.840059	0.769466	0.590746	0.894397	0.380093	0.955697	0.135758	0.852462
911	0.343085	0.241827	0.165452	0.366372	0.530417	0.697901	0.800653	0.52649	0.651126	0.680805
912	0.896783	0.275842	0.876178	0.387773	0.890752	0.030132	0.522599	0.062364	0.638888	0.442461
913	0.618115	0.070543	0.630488	0.458174	0.840008	0.221233	0.352571	0.220101	0.17693	0.488328
914	0.072562	0.520015	0.730154	0.238013	0.886386	0.260571	0.935913	0.687039	0.787061	0.587039
915	0.367843	0.683843	0.862881	0.244021	0.071615	0.753633	0.274153	0.594213	0.815997	0.91304
916	0.036674	0.434111	0.983582	0.667162	0.892285	0.82359	0.888395	0.244855	0.04369	0.065324
917	0.733182	0.116252	0.585338	0.463336	0.354264	0.471723	0.723907	0.290177	0.158762	0.510967
918	0.877216	0.526605	0.19481	0.740096	0.770625	0.266424	0.493728	0.044778	0.860637	0.309724
919	0.957817	0.89731	0.743835	0.941399	0.564471	0.63612	0.764989	0.452866	0.880974	0.808678
920	0.518189	0.614155	0.924929	0.103526	0.077491	0.279193	0.575249	0.801397	0.569369	0.73401
921	0.312364	0.446584	0.260614	0.507173	0.18668	0.031239	0.773597	0.680408	0.076016	0.634233
922	0.990132	0.033833	0.531543	0.733967	0.975232	0.096014	0.370086	0.74022	0.548879	0.251059
923	0.548898	0.067067	0.865214	0.473826	0.170593	0.942704	0.753019	0.745841	0.744101	0.322388
924	0.479851	0.056464	0.768971	0.740465	0.563637	0.955651	0.771703	0.337233	0.636058	0.847719
925	0.971465	0.62619	0.881552	0.503007	0.360156	0.856783	0.599021	0.730242	0.597002	0.147899
926	0.9813	0.145899	0.214965	0.846514	0.619725	0.385557	0.789217	0.372743	0.131398	0.533318
927	0.69513	0.611248	0.589782	0.464101	0.351712	0.153418	0.419752	0.123415	0.490651	0.05581
928	0.971134	0.462115	0.681999	0.852685	0.965122	0.042154	0.709467	0.564142	0.772395	0.306469
929	0.712041	0.753695	0.452368	0.927006	0.600208	0.072092	0.312562	0.389425	0.444835	0.44396
930	0.922743	0.139965	0.055207	0.512524	0.604065	0.406919	0.665942	0.023817	0.530334	0.156592
931	0.079626	0.501467	0.618707	0.761624	0.354152	0.583829	0.803778	0.063619	0.147971	0.576173
932	0.370087	0.860011	0.329867	0.822454	0.787016	0.930075	0.894546	0.099578	0.3195	0.33938
933	0.543537	0.242242	0.479344	0.598744	0.754766	0.083409	0.005663	0.420708	0.107225	0.535996
934	0.577299	0.18685	0.037463	0.196006	0.948474	0.391614	0.779834	0.752251	0.455233	0.927804
935	0.328424	0.825319	0.787815	0.658291	0.647773	0.574831	0.588365	0.542318	0.674408	0.907865
936	0.881698	0.217945	0.150107	0.361041	0.816689	0.904873	0.44445	0.822351	0.32558	0.551675
937	0.358347	0.902878	0.738525	0.39581	0.098883	0.686998	0.787424	0.878717	0.439249	0.242656
938	0.80652	0.767672	0.067975	0.594335	0.425963	0.715747	0.169165	0.014328	0.258064	0.843572
939	0.922192	0.139761	0.061517	0.072299	0.500802	0.878205	0.977171	0.945252	0.700556	0.30275
940	0.496926	0.058903	0.205627	0.235451	0.454713	0.30451	0.922449	0.242136	0.183226	0.361698
941	0.484792	0.989746	0.12937	0.552766	0.58408	0.555332	0.268513	0.753244	0.569659	0.526577
942	0.596816	0.49185	0.666337	0.658332	0.564148	0.167139	0.536537	0.541319	0.112391	0.237093
943	0.844068	0.609317	0.295995	0.049694	0.844767	0.750707	0.354204	0.767216	0.992843	0.537429
944	0.128913	0.477635	0.527175	0.258282	0.030401	0.111254	0.813613	0.298913	0.864497	0.383272
945	0.825489	0.461312	0.875122	0.491826	0.119644	0.43927	0.658964	0.65618	0.980588	0.771355
946	0.893272	0.824655	0.380671	0.189267	0.874349	0.225437	0.939974	0.228552	0.992652	0.932817
947	0.765981	0.121565	0.410451	0.293155	0.379846	0.440851	0.404408	0.193459	0.739763	0.268905
948	0.57673	0.565252	0.730217	0.451852	0.057077	0.84986	0.891121	0.716041	0.506039	0.871708
949	0.487395	0.399311	0.696363	0.868065	0.588577	0.570711	0.093502	0.52855	0.799263	0.086154
950	0.461366	0.565243	0.207718	0.871817	0.858398	0.587563	0.312667	0.262806	0.781022	0.05243
951	0.531711	0.357752	0.617682	0.261927	0.809603	0.674759	0.111786	0.700723	0.390799	0.617825
952	0.572431	0.878194	0.017135	0.268793	0.746259	0.605712	0.839504	0.839761	0.134262	0.638766
953	0.925914	0.595628	0.204009	0.133631	0.467444	0.062407	0.721194	0.780111	0.325213	0.502216
954	0.832541	0.856923	0.859967	0.450222	0.118849	0.669569	0.124981	0.230634	0.370292	0.515779
955	0.848459	0.942723	0.393973	0.865594	0.211516	0.140231	0.471306	0.051019	0.979991	0.605567
956	0.689785	0.905905	0.201195	0.893794	0.039535	0.668638	0.956201	0.760729	0.448749	0.281413
957	0.262944	0.28129	0.138335	0.122911	0.731512	0.257183	0.79248	0.856492	0.487817	0.162772
958	0.37227	0.336275	0.105494	0.766243	0.201869	0.31701	0.906473	0.673174	0.368028	0.886464
959	0.278741	0.057813	0.792368	0.479935	0.951607	0.831903	0.148573	0.907807	0.592632	0.597321
960	0.18922	0.855575	0.87861	0.327554	0.978486	0.610122	0.584736	0.770965	0.466613	0.072553
961	0.933737	0.838883	0.408828	0.03923	0.605125	0.610696	0.356239	0.511598	0.28387	0.724267
962	0.398061	0.56261	0.78208	0.190429	0.042544	0.733687	0.022332	0.191116	0.641493	0.614963
963	0.788437	0.830712	0.470538	0.667047	0.158266	0.449023	0.277168	0.743001	0.219988	0.74378
964	0.815554	0.153724	0.582663	0.224381	0.192953	0.187787	0.835076	0.549192	0.699385	0.118945
965	0.273459	0.097446	0.681555	0.055538	0.287874	0.724098	0.789224	0.310205	0.915214	0.430717
966	0.925167	0.703651	0.261429	0.395704	0.370697	0.419694	0.844727	0.647865	0.162695	0.064714
967	0.391645	0.978248	0.218437	0.974307	0.202629	0.41139	0.162094	0.037704	0.960581	0.861478
968	0.156649	0.23404	0.958923	0.838204	0.289578	0.246796	0.562302	0.078802	0.557001	0.477515
969	0.509518	0.482168	0.181166	0.770947	0.877872	0.551862	0.190641	0.722598	0.199726	0.353335
970	0.787311	0.591371	0.331583	0.005747	0.565677	0.534211	0.417137	0.72777	0.571915	0.377717
971	0.589247	0.728564	0.611757	0.54817	0.566767	0.901334	0.794966	0.129069	0.980135	0.351966
972	0.606583	0.489653	0.834134	0.787748	0.260599	0.712005	0.33961	0.45124	0.434602	0.539336
973	0.804575	0.221912	0.130706	0.136157	0.227659	0.696382	0.670368	0.644795	0.424152	0.242283
974	0.022512	0.013399	0.970847	0.634268	0.561568	0.537614	0.535602	0.356533	0.666682	0.515736
975	0.708499	0.273265	0.005388	0.542632	0.061013	0.265987	0.254636	0.400622	0.717226	0.689237
976	0.939958	0.5218	0.911149	0.070663	0.657957	0.138808	0.767045	0.328325	0.783602	0.191197
977	0.570607	0.806114	0.204595	0.541453	0.440382	0.766162	0.079066	0.975983	0.122695	0.745748
978	0.491718	0.831193	0.019012	0.497106	0.373824	0.080024	0.763093	0.62846	0.480646	0.480318
979	0.317696	0.420603	0.002118	0.228845	0.491266	0.660075	0.367652	0.258311	0.988399	0.151254
980	0.449507	0.559005	0.957368	0.654101	0.100458	0.397749	0.420263	0.179524	0.373731	0.542958
981	0.925271	0.865449	0.37415	0.944282	0.362554	0.747974	0.024306	0.125647	0.376433	0.504951
982	0.605964	0.694129	0.925554	0.608082	0.922973	0.416819	0.268156	0.290625	0.675129	0.256554
983	0.441879	0.124636	0.815559	0.399246	0.778736	0.916016	0.796994	0.198999	0.09554	0.170725
984	0.741956	0.02081	0.036174	0.116106	0.965092	0.398728	0.864079	0.989397	0.524374	0.240512
985	0.494348	0.130337	0.93464	0.419901	0.738419	0.857613	0.83672	0.006574	0.148238	0.511849
986	0.263128	0.590116	0.636484	0.078686	0.989361	0.41522	0.994702	0.786355	0.614218	0.090242
987	0.95708	0.356174	0.111051	0.993253	0.472279	0.076143	0.39198	0.336358	0.06554	0.916353
988	0.57687	0.559888	0.04669	0.51151	0.979789	0.785108	0.369122	0.816508	0.791682	0.51736
989	0.328356	0.054809	0.107475	0.96484	0.133495	0.096836	0.380059	0.128197	0.88319	0.994277
990	0.218438	0.84027	0.35045	0.329489	0.833522	0.822729	0.405632	0.225502	0.159087	0.471171
991	0.141855	0.735956	0.031058	0.188544	0.247465	0.010846	0.973652	0.616587	0.827354	0.765333
992	0.133946	0.15571	0.820142	0.24142	0.120549	0.953637	0.338255	0.500608	0.081834	0.221445
993	0.494884	0.300272	0.061715	0.845333	0.629761	0.895236	0.668062	0.035392	0.120738	0.827148
994	0.506563	0.262592	0.563103	0.53762	0.451136	0.810568	0.548466	0.424787	0.427154	0.375819
995	0.19012	0.561099	0.531529	0.010262	0.802518	0.652078	0.963899	0.140773	0.152685	0.045732
996	0.362218	0.647568	0.346004	0.423932	0.492901	0.975764	0.319168	0.160962	0.011155	0.439905
997	0.98811	0.517718	0.702497	0.551213	0.055337	0.153632	0.36178	0.603803	0.578418	0.788933
998	0.979622	0.768537	0.350031	0.51115	0.778799	0.152549	0.163227	0.742697	0.293321	0.315912
999	0.788429	0.655538	0.963479	0.134432	0.07947	0.45638	0.110196	0.398637	0.617342	0.121351
1000	0.838542	0.605451	0.639068	0.541038	0.156663	0.694404	0.694669	0.518442	0.298207	0.273086
